19.935
7.54771
0.70396
25.7919
9.80559
1.02928
6.35051
2.30367
0.239643
28.5701
10.6975
1.10824
40.6996
15.3846
1.46622
47.6804
18.3586
1.82685
25.1298
9.78281
1.04601
12.8685
5.05869
0.509753
3.86511
1.46585
0.129397
29.7036
11.5102
1.12907
42.6541
16.3229
1.61247
32.4359
12.3812
1.26868
77.4496
30.2331
3.09223
30.4567
11.9657
1.21605
3.92005
1.40815
0.126425
13.4078
4.96927
0.503104
9.88354
3.68312
0.357102
27.5156
10.727
1.10194
26.4678
10.0463
0.977695
37.5676
13.9781
1.20416
79.2844
30.7531
3.3134
10.5059
3.98174
0.411541
16.5703
6.45078
0.650336
20.4821
7.97532
0.831112
25.7041
9.98675
0.894368
27.9737
10.7523
1.13214
43.7245
17.0168
1.57133
18.7055
7.17847
0.687222
18.6899
7.07358
0.734495
14.5278
5.50183
0.459856
13.674
4.994
0.47005
580.546
227.965
24.3357
18.7666
7.00801
0.670716
5.2551
1.97268
0.202166
37.212
14.2001
1.52438
32.754
12.783
1.30465
29.9727
11.6445
1.22863
33.1846
12.7745
1.29631
40.2471
15.5397
1.73717
27.3628
10.5381
1.08311
5.04982
1.90167
0.216083
13.753
5.1713
0.578495
18.0734
6.89985
0.680453
24.1498
8.98143
0.883451
21.2955
8.21304
0.867831
12.6481
4.90475
0.497108
2.97465
1.16317
0.0921084
24.1702
9.23292
0.914497
22.074
8.35495
0.765619
34.1453
13.0403
1.19891
37.2726
14.3437
1.36797
27.4318
10.6346
0.975503
9.92173
3.81603
0.382651
63.8989
24.6462
2.30373
50.66
19.4442
1.92403
14.8135
5.61238
0.56157
70.6754
26.9874
2.79234
43.784
16.9671
1.73918
9.71219
3.82743
0.345564
29.0683
11.3321
1.04715
37.5787
14.4017
1.48896
156.07
60.1913
6.12294
42.4408
16.2728
1.58736
24.7908
9.50459
0.995614
36.1826
14.0001
1.48193
44.5936
16.9513
1.84557
16.1737
6.16334
0.683446
50.135
19.2959
2.0051
15.6416
5.93893
0.64316
13.0986
5.08562
0.521238
47.338
18.279
1.91559
36.8293
14.1907
1.35374
61.7094
23.888
2.46298
14.2375
5.47437
0.525286
1001.49
390.922
41.3219
13.4002
5.09388
0.472239
12.2034
4.7177
0.433266
20.6401
7.9822
0.823386
25.1601
9.90691
0.990817
123.713
48.2076
4.99489
34.3763
13.0784
1.30463
29.6436
11.4495
1.11489
14.1214
5.3196
0.531324
30.1336
11.6852
1.11114
44.7126
17.4727
1.79135
12.3676
4.60097
0.461302
23.9572
9.24291
0.854356
12.6098
4.83843
0.484054
22.3752
8.44373
0.902916
46.3727
17.748
1.85237
16.4369
6.33023
0.649676
9.45784
3.62708
0.331976
17.6029
6.70766
0.619745
18.7629
7.19912
0.695146
16.228
6.35046
0.625203
