-3.75245841037228
-1.24556729202328
-0.538427643994575
-1.05655299655077
0.488063484144528
0.359061582949113
-0.309691333152442
-0.405954299760863
-0.375538413643161
1.42618461782740
2.06676831797171
0.0846142003438115
-3.28781648627483
-0.445157561282272
0.218630984091209
-4.25208586979842
-1.19125508513875
0.187344280946949
-2.12417739831063
-0.932517782300114
-0.443356416747506
-1.82256585373419
-1.46307788920151
-0.366699143829546
-5.47049235648981
-2.41811867142922
-0.519176683673624
-4.83431167590465
-1.25824353829314
-0.190402762952439
0.335958421463259
0.295046010812273
-0.516797413648393
-3.31104888783253
-1.37802594406941
-0.502016648156074
-3.96231572081151
-2.13739293299860
-0.633641752614688
-2.08367013532474
-1.73436909464089
-0.810000815256667
-1.45076401800325
-1.05577616168207
-0.349281185918160
2.40979913386255
1.80907626890558
0.637670125531883
3.86101779331997
1.45136504007295
-0.479418351335777
4.78977060506416
2.61491426461060
0.089869512181608
-0.561571068868561
1.52140562426316
0.823558062187202
0.808192959872488
1.96655630920115
0.552630543812694
0.111960652332708
0.0843364959083907
-0.0867278031603575
-0.762404314376295
1.24986738917605
0.837373935417579
-2.86892647976305
-1.80169515766809
-0.317141454612167
-0.893792893055835
-0.668527963700586
-0.081810102545464
-1.56536951867583
-1.08745698915464
-0.0506946797255944
2.01383836705788
0.781150946576672
0.180916752694204
-0.452618394747378
-0.51550413051728
-0.411326268346434
0.74935909764698
1.21219501196786
0.748512436696502
1.00283830057713
0.105263348877717
0.199170420742687
1.22450206155569
1.26111569541070
0.381374469887753
2.78549115440405
-0.202218327678736
-0.244669247710031
-1.37954872921851
-1.1081277251856
-0.341848171274506
-1.46748713316137
-0.760715838691057
0.0655024782254861
-0.436779609723482
-0.270469234817233
-0.0456385928792124
-1.79582673766810
-0.427583241864202
0.294642953900218
1.97441596895663
0.236953598414485
-0.514833472937087
1.18328834221110
0.790524105879852
0.0996816971436386
-0.318055403050871
0.810745351160391
0.872492838529393
2.84381609651779
1.24790444903639
-0.000236125511836249
-2.48188454868333
-1.45868173519725
-0.269067480894887
1.77022151243495
0.827370865504635
0.00469420752641442
-0.403497652226836
-0.74861156180009
-0.806625886301272
-0.141723803012127
-1.50488955254502
-0.843146216346202
1.73349717670216
-0.48960273138656
-0.135575786189489
3.48755255185309
0.90586219043328
0.0475007015595108
1.44275415430524
1.53287440269813
0.735875749909732
0.401916903995244
0.922715606913498
0.243557851048773
-1.68981869726089
1.05915655337681
0.757430373259821
-2.65379726132263
0.174100900744415
0.489104842047008
-2.58836139071835
-1.92642302746367
-0.517306737497053
