0
0
4
0
0
4
0
1
2
2
9
1
0
0
2
0
0
3
0
0
2
0
0
3
0
0
4
0
0
3
1
1
4
0
0
3
0
1
1
0
0
1
0
0
2
4
10
7
15
3
2
38
11
5
0
6
4
1
10
4
0
1
4
0
2
10
0
1
3
0
0
2
0
0
2
4
1
6
0
0
4
2
3
9
0
3
3
0
4
3
8
0
4
0
0
2
0
0
2
0
0
1
0
1
3
4
0
2
2
2
2
0
2
7
3
4
3
1
1
0
1
1
2
0
2
0
1
0
4
0
0
6
11
2
7
4
1
3
1
3
5
0
5
12
0
1
2
0
0
2
0
0
3
0
2
3
38
9
2
5
7
8
0
0
0
3
0
2
6
2
5
0
4
3
5
9
9
0
1
3
0
0
1
0
8
3
0
0
1
0
1
0
4
1
6
1
6
6
1
0
2
0
0
8
0
2
3
0
0
3
53
5
4
185
4
2
8
20
3
0
0
2
0
0
4
0
0
0
1
1
5
7
3
1
15
1
3
12
2
4
2
2
7
6
3
2
5
2
5
3
1
4
0
0
0
1
2
1
1
1
3
52
18
3
102
9
1
3
1
1
0
0
3
0
0
2
0
0
5
0
0
1
0
0
3
