13
4
1
28
17
1
7
2
0
24
12
2
27
15
1
40
9
0
23
12
1
11
3
0
3
0
0
25
18
2
32
17
0
33
10
1
63
17
2
57
14
2
3
1
0
15
8
2
8
2
0
41
13
0
13
5
2
32
10
1
85
26
2
8
4
0
15
3
0
16
13
0
28
7
1
26
25
1
39
19
1
27
10
0
9
6
2
5
4
2
8
3
0
666
174
14
8
4
1
6
1
0
38
11
3
46
5
1
40
10
1
40
8
2
29
15
1
23
12
1
6
1
0
11
3
0
27
8
0
15
10
2
26
8
0
6
2
0
0
1
0
15
5
1
13
4
2
17
9
2
14
8
2
8
8
2
13
5
1
38
19
2
38
25
8
20
0
0
48
11
1
36
5
0
6
4
0
27
8
1
31
12
1
165
33
7
20
10
4
16
4
0
20
15
1
44
14
1
22
3
0
55
17
0
20
3
0
16
3
1
44
13
3
35
9
1
59
18
1
11
9
0
970
246
31
7
2
1
19
5
0
27
2
0
18
4
2
111
39
3
30
7
5
16
9
1
5
3
1
22
10
1
47
23
5
12
4
0
16
2
0
10
7
1
15
5
1
37
19
1
19
9
0
3
0
0
14
1
1
18
9
0
11
3
1
