-2.20533341962352 -0.698533260235285 -2.53914522359563 -0.364629276506385 -0.297048225244849
-0.90588286461734 1.93892144955624 0.775507894504206 0.326183224612053 1.44578744480567
2.28061710689860 2.56513013425123 -0.200546036189495 0.562305033626014 1.14638148182447
1.06601907555389 0.554963984703492 -1.34211238644150 0.72161763249215 -0.181803632344851
-0.966874727435999 -1.83771701184054 -1.11761108024629 -1.74152257112920 -1.40834696918317
0.622229239041282 2.32836671199718 1.71643630684198 0.767710811749039 -0.226226900242667
2.04753809093163 -0.436407186823828 -0.182468928386595 0.223795164186844 0.0276864905242503
0.0963424388089271 2.28720394604443 0.893812399012686 0.284129046342933 1.67172219647766
-0.80236637408312 -2.22009672533363 -1.56096512045096 -0.466267365588285 0.950315464683884
0.581943229600513 -0.162212477763892 -1.01306966268448 -2.72579596201099 -1.73085357368198
0.784586134653036 1.49020666855371 1.05939342375615 1.05831205292457 2.83836310657496
-0.612349100586492 -1.28055072465466 -1.42851773796357 -0.904675064468062 -1.81333140894142
2.36819007742547 0.712463969909768 0.471447576522481 0.126987076743022 1.93589307240067
-2.27726732302221 -1.46873983893923 -0.687483726660328 -1.10832230164351 -0.749209582666968
-2.31619339420622 -1.43007544916739 -2.70410969758613 -1.84213736521446 0.148250595308730
1.25283153590922 1.08528718612452 0.066373869478792 0.443180393840368 -0.0163703194207694
-0.946474750178852 -0.234866393852741 -0.700805184618496 -1.6176157482132 -0.447212686425677
-0.61209150113102 -0.156789057749639 -1.44062758633659 -2.17936537325272 -1.08456906535882
1.30277769505261 2.55909373112435 0.930337472694756 1.42703941446780 0.91673680172382
1.15639774076182 0.337968059382359 -1.23230444739524 -1.12740408994739 -1.02168540427175
1.11325408438459 0.434904589507526 1.08070038724449 0.304228593411058 -0.0962021329519847
1.80444055775452 1.65664411993471 0.431969322655462 2.27278584148814 0.80745608424303
0.716334781411183 0.0463282870607472 0.975649353965837 0.863014035142478 1.06751839112109
-0.554831640168024 -0.093399611753993 -0.672589433539426 -0.00743837324790797 0.0654005740270882
-1.93048205538058 0.637226257012251 1.56993253809256 -0.119635472305036 0.0393496413959082
1.27373647191221 0.558576711359839 -0.731487817678512 1.90585484397637 0.159160358493227
-0.613652145074032 -0.587569885542983 0.521268643042347 -0.803435764539178 -0.334389647163218
0.140591092248112 -1.40638112804759 -2.65556135368929 -0.8570699635089 0.325914308308825
-0.406277660639553 2.01213161499515 0.939869157042174 1.09948142428027 0.650778202494128
2.03685327959033 2.42415647914163 2.57084879138618 0.0325992669327154 1.75928584434279
0.623810345541857 0.0165905860848052 1.38989510110322 0.982049286251752 1.79172460509004
0.792397875637014 0.036716884936324 -1.69568561556039 -0.860377335030682 0.413245493892546
2.17443759629564 -0.584781582664291 1.94642992063380 0.659485914881327 0.374637309296293
-2.10120222898271 -1.31179546007352 -0.311343494616362 0.435271877867357 -0.861092901799778
-1.07305238642174 -1.2023359381118 -0.0462006642578302 -2.08119344744204 -0.749981295448678
2.02162198057182 2.06185151113365 1.41707021007276 -0.162366151369977 0.178915270185338
-1.7204882577154 -2.44327196869698 -0.959979665556578 0.222946683966808 -3.44669391662971
1.75838789198152 0.79733834587649 0.23086615280499 1.77000881141061 1.64838515883954
-0.903782621381141 -1.91964335316937 -1.70486177723792 -2.61723406227758 0.880893908366977
0.844405639152387 0.245486251218757 -1.16095244416957 0.570538319699597 0.450872095360404
-2.40231588288433 1.38397182312468 -0.127055649021521 -2.53566588717424 0.133975251384699
2.04484016061832 1.58983068874561 1.39910373489487 1.14494918465514 1.61916121760774
-0.0326191060981167 0.350643861724317 -0.00200725819238823 0.834119040011497 1.14665629511642
-0.397943475857255 -0.470944474507179 0.445695840761363 -0.402690712571081 0.256316921289564
0.0974420428052083 -1.58846041309898 -0.248698718493192 -0.546485658982413 -0.880821765831117
-1.90338770830522 -0.412017543305698 -0.936271251768745 -1.35483585493678 -0.0775042555812063
-0.00767463140444247 -0.126436098206494 -3.61104346110731 -1.89731683271005 -0.0627646813953845
0.254663665199014 1.40853962974254 1.18291267264276 2.10740229118283 0.289628329620362
0.942197630639273 1.34492341671265 2.27265444746900 0.822619164757953 1.29040599697828
-2.34284820600392 -0.366949970061838 -0.79318029391692 -0.36069265748947 -1.41067056496791
2.68535662126586 0.860173895757692 1.12113874885007 0.894320823700553 1.84630489128897
-1.76844902392308 -0.798537594731098 -0.425430401532013 -2.24523988798299 -0.772281191856637
0.406197937731335 2.42881078576220 1.70489806899413 -0.725133909400111 1.91928478193300
1.21774092677819 0.438675238100801 0.644414372185181 -0.272142166611654 1.38619685165391
-2.63852313801426 -1.14026277727115 -0.544824392163038 -0.916616638004948 -0.140826677689562
1.05054810455568 3.30894410422706 0.140536825263672 2.53911616866609 -0.614466177348949
-0.0773164583093437 0.0986394529512014 -0.521112361162858 2.48469384506777 2.03370332012997
0.37126649842358 -1.60892144145772 -0.914402906690943 0.118507491083731 0.0605297881538123
-0.439863226427729 -0.841852459099337 -2.16417322231664 -0.690313803809750 -1.17849381487370
-1.65452457202145 0.576157264000379 -1.70140373738129 -0.757123610627189 -0.483964243538931
0.0511547620445734 -0.632695603783876 0.97321531497352 -0.554863252105462 -1.48848016849053
-0.897488464164355 -0.330870754390752 -3.19050880817062 -1.09556405134703 -0.958474291484014
-1.23860087389800 -0.948631463513269 -2.99180636020706 -0.65376371525556 -0.996970657198874
0.507571499233633 -1.86441872259051 0.588787263102157 1.11820853805227 0.928839232231993
0.391302571045195 1.32164528804192 0.089510467957297 1.69928104731946 1.82573237519313
-0.0424565880851316 -0.201153729634707 -1.35212721005003 -1.02494682823578 0.245073371694845
-0.389058041450338 -0.65311696733939 0.279179710954651 -1.62684584186964 -0.974736728398542
2.30150900263725 0.750210305432293 1.13499834479540 0.853326769389112 2.23393059413951
-0.864574017632379 -0.932759707585303 -1.68122210851133 -1.4184629402539 -2.56921420908198
1.40958654077477 1.84780319293457 -0.337384309552465 1.40135472863779 1.32893589749903
1.19532100004021 1.07146261011216 2.6349332608997 1.3330070775793 2.40181262288016
1.45101702086016 1.48732359573994 0.460262544888466 3.69090741575432 0.940183924310684
0.50252413213957 1.38241714991964 1.40918017843792 1.72374592278896 0.085075425627532
0.862814908480441 2.57429327787333 0.517082296957241 0.643809486889434 1.61022227422258
-1.60603514736704 0.134512003397254 -0.577531711072708 -0.910450288592863 -2.59171399396362
0.652832985756971 3.03429598442535 0.71409484440775 1.65437878298220 0.0752523830305223
-0.590703039254043 1.70939846964940 2.44932679629708 -0.544380309384043 1.84606924822140
1.33093247067837 0.633812689140857 2.74928498341616 -0.00514496145599663 0.882560701158158
-0.331494453461903 -2.08247402143283 0.105967805786192 -1.11415338193449 0.229148304429105
0.976703183908332 0.264894533379828 -0.340514833133521 -0.373065892371839 0.850942906026065
-3.00627595919716 -2.55956853741809 0.962701569151082 -1.17831822360563 0.357620673161433
0.64899204713817 -0.880515429406373 -0.99637938366239 -0.80355655407535 -0.320260493269298
-0.198875155035605 -3.01520057977609 -0.952604011913312 -0.386903393140151 -1.17001848105340
1.22575952443179 1.89240414112506 0.852386901243541 2.53718231037047 1.45261935487076
-0.595694252570537 0.812834707966271 1.56763446812895 1.16267911676360 -0.37198301292582
-0.883952511691334 0.93195299183527 1.68730693385291 0.291999271227847 1.37767726881616
1.58075773927448 1.97462609239334 1.58745250933105 1.24527877882343 -0.566003704171696
0.491871851906143 1.85827885392439 1.4518667192148 0.102095763146867 1.31901114488487
0.906035489420225 2.26430832492208 0.965990634721358 0.611830969872065 0.739545168090662
-1.87743451408711 0.292751430506648 -0.834812146392448 -1.60320707571150 -0.601396099198489
1.85895212545866 0.578087531430616 0.694511110570303 0.94081198549152 -1.00187218795239
1.15543642135745 1.04256222751568 0.737960801205843 -0.0211932583223045 2.06535710343492
0.542409162124477 1.13530391287928 3.11278759570127 0.408166304613595 0.331262105954218
1.15387874093147 0.714608388400748 0.507303560799024 1.40977153938810 1.22935645078686
-2.07462563331733 -2.38075085443847 -0.401766758554312 -1.83946864214775 -1.95542506004735
2.23621807067256 1.0759841521696 0.460427092365222 1.77353811942751 2.30430052382949
-0.0148900258907260 -2.01172151068618 -1.60602902571839 -0.683273944493135 -2.36469110864529
-1.38196627952766 -1.01429274115175 -1.06541813199897 -0.776567581138278 -0.816817833321107
-0.109338757770842 -1.05307184482009 -1.82985811551508 -1.12102909782511 -1.20965804343484
1.03958956171276 2.48099019747618 1.56666005839204 2.78958035863141 2.11404785115473
2.79407452864789 -0.364548899896453 0.292560015000281 0.443715654112511 0.689918906247285
0.623820664271666 1.45852600842686 -0.261149149431128 0.472534836793855 0.443185778201459
0.625561273783975 0.395600019018939 2.20312707053266 1.76887323340547 1.23835102324136
-0.415028141388685 3.93377438660602 1.93502575735832 2.23388452172586 -0.891384721798052
0.777348706882064 1.76812752836091 1.38795365826285 1.60913303155833 1.59051860827632
0.564859246714547 0.749230101500991 0.0737306162766878 2.08743580325344 -0.943959215904213
0.719379561663649 1.81207755667137 0.792296312991964 2.45075731996683 1.84149317815536
-1.86573782212938 -1.05987780670096 -0.988468846750242 -0.730888548608224 -1.52816050592341
-1.61707384136671 -1.26237251502168 -0.0876528289945604 0.12361058688565 -1.60351971368253
1.05532339363837 -0.00065843288480738 0.241821170860776 0.388564185494739 -0.316722263207935
-3.00741501721717 -0.231997872470864 -0.594238686495772 -1.83171587891604 -0.0419242268877167
2.81071925143842 -1.55001448482780 2.15025508071742 2.22789365442077 1.15210316268381
0.476916190812627 -0.101593364345838 0.120269718587024 0.363299742245908 -1.1059314308429
-1.64625836012243 -0.0132065736805448 -1.75490014593259 0.565204862898135 -1.05004926099153
1.11102870614670 1.47547104599742 0.0609960952928605 0.225954380357019 0.576441532767358
0.772879494410537 -0.573449341669706 -1.09447017308872 -2.11659543381566 -1.08743514652954
-0.607473909826731 -1.36062216925373 -1.88798436161748 -1.94641655379586 -1.21991155607456
1.34222011692021 1.96992412941553 -0.335453140197119 0.199120524593855 -1.04679634418407
-0.889943781806325 -0.2838996262647 -0.745879397624387 0.228762188014990 -0.416595994043884
0.412875226271036 2.44666535791620 1.44339403542803 1.57794688571545 0.078165036122719
0.750673294834844 -0.221898646375666 0.92746035395449 2.36490124503674 0.542468980155767
-0.934799780639906 -0.216019664076302 -2.5877080731648 -2.36936431323817 -1.92751980262236
1.30084155983022 1.08046894610394 2.24674683051722 -0.234449100205023 0.560930705677354
-3.1015939530556 0.618756171373262 0.084328490744129 -1.64080090691301 -1.25281982625707
0.865170726777528 2.79535599171383 1.03839671736902 1.41299828889006 1.69957212296699
1.68979094457615 -0.671059465291882 1.74004830752263 0.075875100886237 0.96831142668903
-2.92779298152023 -0.785696970321671 -2.00503886550696 -3.17895349228979 -2.67254913055491
-0.420722135551017 1.55053163877836 1.31043317691679 1.68507391296196 0.468089509183168
-0.818214540136723 -0.588403822203636 -1.08505904895832 -2.10670620353609 0.129133595739993
2.66801562437414 3.01910292593947 1.89254803557245 0.81279531679218 0.872302584389304
-1.30533013965807 -1.26286683785631 -1.05146864442633 -2.97266335973404 -0.988771749614851
-0.764655142706174 -1.95036985352111 -2.75714797519533 -1.35996065091517 -4.12158955842453
2.67254711224308 1.69054981644897 0.0233296799288785 1.01513417560489 0.834545824749574
-0.660213368526867 0.121565619734496 1.96581583860238 -0.155821306734002 0.248604288384399
-1.74508435585474 0.227052485474054 -1.19085799382142 -0.445689254025315 -0.228566872896275
0.619933200209239 -0.128551388355977 1.17010177703998 0.641457667948934 2.44293849068660
-1.51994686324327 -1.31064209439932 -0.31726253539845 -1.66357842036543 -1.01795054863691
1.49659101653161 0.595725299494305 -0.211648810214110 1.31274371673616 0.720138135810331
-1.01985513454472 1.26957886317779 1.13179925086918 -0.678771270381533 0.474120496695946
-1.17512462344512 -1.55663076339161 -0.448151590891475 -2.57605151328026 -1.95429277239113
0.550136575401470 2.44390639515157 0.844745911186177 -0.0217189079898983 2.53846974718311
-1.23117597412646 -0.44807613784829 0.121794036869979 -0.590454607647507 0.300261526040878
0.209078728464784 2.59861945374855 -0.822900273504442 0.0246368860231516 0.413539341148224
-0.766890448197588 -1.47344862482534 -0.416889019311429 -0.579970552708122 -0.32113909142945
0.482461025169467 -2.42528403776185 -0.0300250193499177 -1.26546576786187 -1.80310555068517
-0.777034101915964 0.150963108374331 0.700521780853981 -0.940244479189851 0.639967212366154
1.51010618716982 -0.297970418529645 0.995152597652058 -0.344852234888966 0.948315814768844
1.89484979335908 -1.17988227279419 3.30641643226721 -0.167750355550933 1.94042971867315
3.07910159606188 0.0561759767266573 0.324545854873637 2.02165032799741 0.182496569333024
-1.95712073401099 0.581119279826703 0.766442801487373 -1.22703515888554 1.28111019497527
2.90374721659382 0.931378463499193 0.186140860733329 0.326744685602673 2.40203046337801
1.54001660829658 1.64227416879848 0.98728023501304 1.18287955322963 0.511485419769274
0.135236736076458 -1.32605102224922 0.991862533827795 -0.413227105647908 -0.0116667762828833
2.47562393528371 0.95304662014389 -0.76753109920023 0.390366028230098 1.59325691225055
2.20338721999315 1.20825682693907 1.83913935853181 1.94304143399232 2.02809311909280
1.74756384421526 0.808572934713768 2.02469016466156 0.49577802523955 1.34854885945376
0.490626124810064 1.47782445730895 1.50098539560201 0.894419482722602 1.02730873890106
1.43371580457113 -0.13106448444332 2.02068690052451 1.26927428999677 1.54854864139120
0.830578837641324 -0.878440249950492 1.74830719512744 0.739899859992191 1.61826065906371
3.04793696163662 -0.155624837977862 2.35294140674424 0.63247801839008 0.941689536719323
0.467781907562207 0.501499522642388 -0.150139577575856 1.12624092272811 1.47286389917113
-1.18652521520644 -2.61928644995828 -1.40275904621941 -0.587187758194835 -1.72071940406052
-1.59006523041911 -2.16962661786167 -0.408543353928161 -1.66863894900174 2.16793764721646
2.01303941735815 0.834012680348622 1.00241647226761 0.282698016825588 1.28133802830802
-0.99271810288639 -2.72970022640833 -2.8434736164092 -0.398796968589745 -3.31793757081662
-1.38031207371957 0.655164900191561 -2.66285504901553 -0.705270334218412 0.569901439193406
1.51194689676205 2.28590240106394 0.0324852464402874 1.63238935450673 1.18307866764632
2.35011611692373 3.48732767144425 1.11466169708147 2.09574036400398 0.597290128807036
-1.35906971435447 -1.55278822991645 -2.35467498027566 -0.926661137937737 -1.03898852999213
1.72186988398137 0.78508104219382 0.0844150662265163 0.871561459197828 2.84021048782139
1.45053125599064 1.27479367766071 2.05637641799707 2.79205427905425 2.71081921609865
0.568571066062545 0.920723135614886 0.636774955499409 0.799009526963098 1.45128192983634
0.520058015197789 -0.165525180126702 0.761056028709423 2.44983465190903 2.85287387225315
0.596768495537217 1.82696831595617 0.870865097587359 0.878473113201627 0.325726715199537
-2.57843379879441 0.802076396447115 -0.198883186135493 -2.79226472750817 -1.34741872627545
0.554315929329651 -0.8935072068141 -0.807491079329519 -0.150772032859059 -0.00948538824672573
1.6275822116448 1.41521548555604 2.47493906483472 2.70947207391152 1.22835960194932
0.791883117939363 1.01214575527235 1.34972266325496 0.322355357590135 1.64218267919739
-0.289438035269364 3.22606725497448 -1.48341935897588 1.17283427870576 0.941095852345523
1.54745229730498 0.589526397895693 3.4024051603136 0.855779060557646 1.02339644283464
0.124121941360227 -0.302225509527248 -0.819092521305652 -1.16960283040579 -1.23452804735268
-0.354930692837048 1.62995607852048 1.44727015251654 -0.0440418584567501 0.812714425376225
0.287290870292118 0.274092813261879 -2.22116135819236 -0.197978093450379 -0.873169299297393
-0.611485142816458 -1.87219617321139 -1.20708699000898 -3.05841268897205 -1.73912331711450
-1.30662212437542 0.303417633533213 -2.05865985505511 -0.698279814164783 -0.910026813167225
-0.363392250571121 1.28252387130360 2.58069945043383 1.94004024632186 2.13143023201082
-1.21369590069385 -0.0421610952499999 -3.37080962953567 -2.25325860935484 -1.17484795163296
-0.891488407098912 -0.483079545687351 -0.278365614055195 -1.45994383277630 -1.48161154651117
-1.34927532225348 -1.56176597184371 -1.12470269839807 -0.122447672139365 -0.536653086393979
-1.43936533632945 -1.69241729249680 -1.10445279359056 -1.20799991256713 0.219308412228223
-1.27043569901944 0.0265473309516518 1.62119025904558 1.66256167229789 0.349009751279756
-1.20873706855428 0.79691164714174 -2.09877841489441 0.777742091753251 -0.683055591855422
2.04957642163157 0.473719214993263 -0.120212536302402 1.39825949406673 1.42130680300369
-1.42515364905058 -1.87699100598110 0.299996604309528 -2.33678675649500 0.429242429732651
-1.59469312008645 -2.88268645782021 1.1803112317240 -0.621222721356367 -2.06931282870499
0.624855018378054 0.205202281537618 1.31512286871127 1.13393938568366 -0.240551575578846
1.256480536921 0.325929793254255 1.63322735378512 1.60236487324394 0.96596631347373
-1.78970636054902 -1.47043555421421 -2.0128181376277 -0.166446729926579 0.354023562231735
1.05007271198645 1.33688075564445 0.791001126680605 1.21845998789684 2.87347520792372
1.26172180497170 2.33469451935642 1.24774664614510 -0.375784861183609 -0.190539781757309
-1.97381861935528 -1.09963119708715 -1.11073500011239 0.192194596006785 -2.65588593019168
-0.0456432906785673 -0.740239133811842 1.51312077153079 0.554043154016075 -0.839193775822612
-1.81984763909602 -1.99520954871418 -0.70268987246387 -0.44258350486968 -2.27333700747864
2.02507260984608 1.46661217126651 1.23391831781487 1.26444189867883 1.43241992139423
1.97322215395041 0.47080594138872 1.04576848460233 3.79469141393867 -0.0880002024827247
-0.704570429067335 -2.43796456521565 -0.786918519142206 -0.0250393657629281 -3.35346215533992
-1.58451781211317 1.25387414958176 -1.77402105553215 -2.42366797987888 -0.54233061834643
-1.72300089079084 0.48374462838522 0.082048862474279 -0.200241555890323 -2.42521580141674
-0.640796167316563 -0.618777449314226 -3.08345853183329 -0.372166097063879 -0.699386754115345
-2.05839723861269 -1.20864945963727 1.04797322983086 -0.215902722305347 -2.27722931459657
1.09112400650074 2.74684530634030 1.03245218347406 0.488567284595318 2.16480523859827
0.534722658323858 0.769369951256616 1.85580915253098 2.77914433197065 0.174657284309126
-1.22887995263464 -1.06903731748753 -0.105868942584580 0.540406170246858 0.691106500225722
0.772783084136915 1.93121096297021 0.126397370783134 0.462178626646848 -0.196944191258313
-2.10041581804787 -0.408780069644115 -0.26628743230754 -0.7827224377757 -1.76221404339028
-0.703096868828947 -2.20499378378578 -2.75576408403804 -1.50274260560621 -1.41212785962810
0.0502521144833535 -1.00414217005606 0.575334621178112 1.53270405992433 1.78617531046140
0.595454127960032 -0.95822684392264 1.27647505025690 -0.547299781366462 -1.15689860846554
-2.93001820319282 1.43040541611727 0.410700745100374 -0.366307023915298 0.118454963314131
2.04437262986469 1.85920790562360 1.94183529240923 2.06213158364725 0.309895170084177
0.731462144742374 1.11752200163391 0.144394673688024 3.17520633925326 -0.324449889553950
-0.857803695351036 -1.79464494738486 -0.910776192339408 -0.83099143194243 -1.04836439196695
-4.09465532297768 -3.49625347788759 -0.279379709919562 -1.89215785332628 -0.90297998714859
-0.199970138285101 -1.16829682240268 -1.71446855895477 -1.22660565633454 0.608540927511934
0.560037530860654 0.9459047621514 0.500840012955136 -2.59319711668056 -2.85552188970052
-0.934791918852865 -1.1777208873475 -2.47774408655812 -2.99429243496041 0.247520173328841
0.67037577549826 -0.73607681264054 -0.829253049070152 -1.12210538735430 -1.49442740720843
-0.390534964051243 0.795099707249698 -0.0488735418356285 1.19074648914467 1.70765806248887
0.7091353186132 2.48399658668426 2.67522515490644 2.23741023769906 -0.411999976306288
-2.54174462943996 -0.92305558905582 -0.841677301150727 -0.32655556771982 -2.46958754428008
0.724838986443683 1.35177255797545 -0.664853111355666 1.18693215203576 2.90282749606040
-0.518775724954371 2.33052663251987 2.05160048780144 2.05512167228366 2.43140696419562
-0.97935299504775 -0.798665111764867 -1.98979275330319 -0.48152038547096 0.274255876085609
-0.807820670997853 0.175169564767082 0.242392931204571 -2.29138994315441 -0.662028911006736
-1.47515267946403 -1.16595439545941 -1.16638862940277 -2.12316053564912 -0.0590532759862286
-1.91327669199824 -0.514127878786843 -2.79519697869375 -1.36980146994685 -1.20868057072465
0.338888237698734 0.82340371550853 2.03581157253679 1.58535273070130 0.206749167527799
-1.21254048815853 -1.09663871052576 -1.3783504082483 -1.13180398543035 -1.29348457545558
3.13748108723959 1.28994796314826 1.54761400918615 0.421015712916545 1.24214537519494
1.28765916679934 1.39598295555574 1.18362055983925 2.98278463907328 -0.96677690750661
-0.455271750076069 -0.470291785273658 -1.71295530081096 -0.940870271767997 -1.91093710250577
0.255727325056793 -1.21164035286465 2.27005145077911 0.452816067815331 1.60502027399935
-1.27467066711509 1.02384147438234 -0.757938288817928 1.21884143886648 -0.835772673032998
0.450975938563512 -0.876583986023111 -0.651198555163312 -1.24300154175900 -0.89738426445237
1.71622195210944 1.48989709147583 -0.642656583400754 2.21628139716564 0.256347560702143
1.94308241490707 0.87649792386751 1.07055076858985 1.52047321039054 0.100160910250730
-1.06764642169335 -1.69702354796080 -0.318790708679455 -0.665783814247602 -2.4227294370476
0.687497803049775 0.401685588245255 0.336619243238260 1.00570825393414 -0.817229074425411
0.924918552080108 -0.523977832105135 -2.93444320925541 -1.91382001121956 -0.629579868715131
-3.29329645405432 -1.48202348873244 -1.01924490276190 0.270425250370887 0.675964577621832
0.323309805692251 0.481873540686604 -1.49647883906248 0.137953833516136 -0.958893121987436
2.81238499364439 1.33475734272289 1.68588368045485 1.38353945659954 1.81768558711530
1.38414101378993 0.551595641148992 1.10789665019913 3.93982116007229 -0.0772979508771046
-0.494691950775894 -0.580596971821637 0.00797289647566912 -3.31956732648587 -2.26147398883476
1.12824494468726 0.0723717930797821 0.570131609111299 1.67902663685506 0.967697394539933
0.218595519741139 0.70912661409547 2.73170080210978 2.60134598159893 0.549659637564239
0.546290733208248 -0.389337357781207 -0.107025708572623 -1.96423566264381 -2.53753412567824
2.32901968381556 0.266644530377428 0.369095397513825 1.21988842423717 -0.648439436092064
1.59230991412905 2.32589192410696 0.885440885042736 -0.728119471198348 0.411115456402424
-1.55712517790139 0.0477404722146277 0.0560285900861108 -0.700386816521318 -1.38514746977598
-1.1468112568621 -0.326096443781993 -0.188411080864585 0.756083255853184 -2.21739996241114
1.37727286217670 1.25870763297241 -0.723249336413085 0.78824236638404 0.44775353277196
-2.16789066646230 -0.750282583069005 -3.39243922486048 0.0725411990120226 0.494663649316939
0.251372681864913 -0.0865705016990632 -0.752300825893513 -0.839331210135638 -1.11359684039878
0.239418285633074 1.20814719395838 1.75135043832436 -0.308507043442691 0.749838799103473
0.661038241550295 1.3033975019415 0.137538861991470 1.96012038181392 0.498339590208812
0.270147697564593 -1.51153119359813 0.209133926140094 -1.33625050606581 -0.352887576875153
-0.72266871263788 -1.09125165436253 0.494835878004074 -0.815878126368393 -0.574448143181357
0.857780834663315 0.593875965166666 3.20844732010581 0.788682201541342 1.14380438228842
-0.668664499362913 -0.82622597264286 0.428940025485355 -2.16899613778984 -1.34759766657577
-0.137254151011444 0.307609174896423 1.49345739014308 1.84500156433108 3.84782505345519
-0.497603959261787 -1.29460993494208 -2.00465865939411 -0.594842086639726 -0.0722843089109036
-1.42801753383061 -0.73268571042893 -0.755476523567969 -1.40047914514331 -0.219893096405676
-2.42982935138337 1.02380339753809 -0.945915380083092 -0.573382360802411 -0.892547361566103
-2.32556892153559 -0.409409679206895 -1.11472857722264 -2.02213346996769 -0.617096377481336
-2.94933837963602 0.535740229062536 -1.90052109133838 -1.12344717562922 0.852161559317041
-0.448209254219041 2.67794377458438 1.80712627585450 1.71641671577763 -1.18925327788036
-1.24232826187249 -2.39428798132947 -1.70854591541111 -0.561386293122045 -1.88336891971342
0.087769103549095 -0.95107520485998 -2.58660407286800 -0.144237485656123 -1.60299367151018
-2.0369558223726 0.183364793108858 -0.682177948868828 -0.506112541160946 -0.683717828158078
-1.69766763148418 -0.98198408908445 -1.17930577210540 -1.65008768733443 -2.69173607136335
1.47842941849562 0.332862289537721 2.31808103059300 1.98446333004348 0.701464973056366
1.32494735561860 1.92902880386795 0.715457786042973 4.02247560733362 1.56465484333583
0.90663410452639 1.05517511356431 0.961346664613504 2.30900974355049 2.24332641947048
-0.864253977321608 -1.15885374397369 -0.41062026682627 -1.59611742795976 -0.943349330668284
0.813803076424725 -0.416744325823387 0.436688651294489 -0.108810688830829 1.94036742340505
-0.172512073578111 0.879911746150707 0.0287629955179253 1.09480099952256 0.526692219546359
3.35189143464644 0.667968568575384 1.75020133007482 1.38536823897205 1.67902022670839
2.02356417056147 0.514288519170016 -0.133478876531266 1.66361944577706 0.0738776398843777
2.36526639225024 -0.0935318481936374 -1.56431892736745 -0.058063582120125 0.48255940741462
2.89925253773778 1.82398591400499 2.5731321865134 -0.313932041546106 2.11467713599476
0.392011550809755 1.86691104790906 -0.943450339274795 1.98416589974795 0.697814045866765
0.813668219811816 2.32451319145096 1.36364822485386 1.10073696977970 1.82342554841692
-1.88891772558788 -2.33150173193822 0.0836075937164777 0.423417817353526 -0.500358938457308
-1.00783454305951 0.419803057495122 -0.851096668796164 -0.610553795927697 -0.881849646519188
-0.247549887597289 -2.17193514237417 -1.4631144058012 -1.20035275609567 -2.61989405661082
1.77212512097062 1.21609382510776 0.290378690796548 1.35100481685837 1.17262854006832
-1.70457082445873 -0.936551446734004 -1.75823645091212 -0.464129022347218 -2.39038699281485
-0.83823881196848 -0.154854961472421 -0.795746821935714 -1.77897145607493 -2.08464513127578
-2.62265719927974 -0.543742233423905 -0.815926712563789 -0.942023642880363 -0.307884285384746
-0.366237573275684 1.53920928105983 -0.321932047155716 0.718711330255406 -1.10494688076950
-2.61760473485137 -1.72373188073875 -0.693258963885907 -0.774403801056372 -0.0642839589815386
1.44240485316927 1.45451903290894 0.0379260420535389 -0.132465222227867 0.399673017921417
-0.77506104999079 0.908285811717214 0.767374266113682 0.486890729591258 1.18558858623343
-0.431623110514272 -0.89864478754956 1.57123722836395 0.0243739502374205 0.123523801369169
-1.44524618195030 -1.77432979920487 0.231309496554997 0.0280788957460307 -0.949896597498785
-1.21038214076938 -1.61306883534034 -0.00455074700431557 -0.760725840728654 -0.787178810325082
-0.496303156594226 1.87769334906484 0.396561500629794 1.34149220150745 1.04970937437211
2.31762714596130 2.3494569404246 2.30257487093132 0.912860213141348 0.886451031490232
-0.903663948143873 -0.511242387808296 -1.02961876683787 -2.32681511194433 -1.88998792146163
-2.09033469263710 -1.66758933718136 0.294703286550993 -1.09133944764904 -0.330056794363928
-1.08883207016496 -0.0487720324805981 -2.81615963683985 -1.46801513536642 -1.08538457528635
-0.62308050155471 -1.23050703104171 -1.20765107739483 0.130153994787027 -0.375573526715970
0.672998693778253 0.935574691742199 1.69088329351212 -0.619957335332531 1.84769202648413
2.36947092770910 0.406402169196844 1.05418533528004 -0.538687180320197 0.880106966542346
-0.73636965708513 -1.75812481481309 -1.10078287848201 -1.93183743807908 -1.092316060499
0.760614478340268 1.49722817691297 1.74944741726994 2.65444670043567 1.84707523752936
-1.40886241472066 -1.18633759398086 0.735285620635287 -2.18791330078053 -1.11836827354756
1.39297860008360 -1.37708973823987 -2.19076319801400 -0.717749849872553 -2.26580790485196
-0.424407861166208 0.78452908592479 -0.185587365228612 0.537640181347352 2.25816280840854
2.96704350069392 0.292418630416305 0.566053474969252 1.25686681361880 -0.0451852924149745
-1.01934127681315 -2.04843051142093 -1.81760955727653 -1.12024568516007 -1.08845138986445
-0.183618214623260 -1.40487870384491 -0.433582213687669 -2.70863033598225 -0.73279102006457
-0.154338763587996 -1.05791833252001 -1.14296737664508 -1.40171851463846 -0.854159559714896
1.82591855120105 1.9388377082963 1.23552094491649 0.495637508643302 2.73065763859849
1.98216470999448 0.0752018898085477 1.20555081583753 -0.639649649239654 -0.626252341175292
0.181342048045009 1.03312422808763 0.435452305383302 2.22801470526 3.08445562885346
1.90920470051881 2.26038758132770 1.86102617013656 2.09352202807717 3.46177055020813
0.305969586348903 -0.198023141587606 3.61593932639147 0.425131657371875 -0.299524394182495
-0.0521095985468953 1.7480309914925 0.459526390199523 0.600110261236365 0.692674149752455
1.91348655546868 0.941963980266833 1.87949810247264 1.08524160041606 2.15416347452988
-0.183354824891134 -0.48363122215977 -0.280695748003275 -2.83371135859652 -1.10764626998624
0.615566693457578 -0.555116880183455 1.18019797168452 1.61622186976535 1.57105733748229
0.306272960405242 1.35644759186076 1.39596860526923 2.82905898156529 -0.118301064762877
1.68920479879416 0.658761994569587 1.24720946702286 -0.132543701861405 0.120813636305202
-0.545245168017277 0.90924235587012 1.20876826637185 0.743740561996844 0.148791186992634
-0.390046821717899 -0.0783343624986671 -1.27642500099381 0.412409439337659 -2.29975670806002
-0.287702889532781 -0.204066676910489 -1.83987628254782 -0.421793867724528 -0.313459037706857
2.17456138919133 1.37756691440136 0.117691913814515 0.459821975124622 0.506377379715167
2.00801947628883 0.403310707378794 -0.161679994541551 1.50468783417365 1.86218055517777
1.11546634775125 -0.190023350616804 -1.00871533443474 -0.838428320454337 -1.91603244499246
1.20693382494596 -1.77860628781878 -0.873842973039049 -0.230611217599904 -2.55246131482529
-0.0386422299485095 -0.693911606696005 -1.15015673986674 -0.53536313326216 -1.47080459069938
-3.25887718314616 -0.329946607432931 -1.45507796268427 0.531432100836871 -1.85748037582676
1.68415197502103 1.56281935969731 0.953115707680605 -0.145607242242962 1.18787040845124
-2.33099731009422 -1.76324377790596 -1.72564535832974 0.249119778318936 -2.61096500748683
0.141595822925365 -0.359285144083815 1.39741761882887 1.50361992173211 2.75042240000579
0.258641842692537 2.659318485148 1.50476668747575 1.21897336504545 1.78960571116906
0.0155875983478272 0.786757642429882 0.337356137042478 3.15727050543278 0.199433166163046
1.08549362872130 1.49966724810643 -1.23918100968540 1.63727285096615 -0.910255352713805
-0.590765492177007 -2.77332339924562 -1.66465515396687 -0.908428549073768 -1.69541950089835
-2.21992205386539 0.880859937328974 -0.784726745805593 0.991625359708056 -1.67259556378718
0.508870714196986 2.94701439842952 1.05373373017192 0.967499053133687 2.20104450097936
-1.63892650531085 -2.32634077685088 -0.638995348816819 -1.45266801510743 -1.14384184703626
-0.47970087101537 -2.58233943658200 -2.56849172765417 0.17121970498048 -0.984542042466776
0.0202919582546566 -1.15379996561365 -0.455786650899398 -0.547640331891416 -1.80301380471419
2.22554581735291 1.86049778306899 1.17157018407263 0.981163368531605 3.31931695885595
-2.65065151486747 -1.99553962254657 0.697829210625576 -1.17180120820192 -2.73195069838745
0.619981957393994 1.63191430006421 2.16452210621234 1.49978397666876 0.398185502897716
-0.540395298911166 2.62307237550340 0.972208951328371 0.404418540052537 0.470890270184987
1.91526427046302 -0.422999318866303 0.657259265599056 2.25526285780674 1.55950592141054
-0.54162851339368 -0.798942899678555 -1.71641260171629 -1.11186186280677 -1.84398111176652
1.81206828668641 1.40237586034397 0.529823920825127 2.15455133135095 2.49112302807203
2.02116403916608 1.97920101175438 0.50538905172468 2.07147084208468 -0.204974693180060
0.0217972683066028 0.421224251870615 -0.61463495565361 -1.0926086474025 -1.53691623829947
-0.319168344200859 0.77558073197214 0.840212163162315 2.19334482597057 -0.0860847419246118
0.887919979966008 0.576713850967319 0.661826631217703 1.66027015354506 1.03821409052619
1.09979462674429 1.45999901891296 -0.568241750566548 0.891927306184324 1.11742250315601
0.712782559202453 1.80511811527865 -0.440502214397477 -1.80784923679014 -0.206962948791769
-0.530376416002063 0.759012026629974 0.563357779403314 -2.41808787369583 -1.84054888280218
2.08088459541691 0.994268362550362 1.45379405310297 1.72862270820957 2.07247631775008
0.63913837845757 -0.867783708156083 -0.971181273296898 -3.00063435842671 -0.219530339319206
-1.13585432144680 -2.40100734347218 -0.879124175614797 -0.553041467583634 -2.32255851717164
-1.53310183751638 -0.858240988531807 -2.17982329420260 -0.97206160210434 -0.93136311012122
2.57445997626449 2.31340942893488 0.254039617537295 2.73069125533869 1.68744009105692
-2.76252534776184 -2.01228391418668 -1.81987594432666 -1.15841960719238 -1.54856717537188
-2.21709880332601 -2.25125024205543 0.322993050119869 -0.827222016597049 -0.85836605442456
-1.04874146653074 -0.240468518099447 -0.463211118159944 -0.6479108235366 1.44599577393172
0.524675930015887 1.84084756918642 2.29232646084260 1.26465890678361 -0.300475548342555
-1.41830458900405 -0.467046947592264 -1.53932856390347 -0.795733523207567 -1.52591517244912
1.54778256292857 2.35451114756927 0.293500967920941 -0.167159559644358 0.341845762495473
-1.11164606772397 -1.72244163581156 -2.28543228885449 0.746485424019471 -1.53920962623322
-0.0514001286777732 -1.95024923724702 -1.41683162283370 -0.586765007178417 -1.17227629687105
-0.200069190019983 -0.49625819748307 -0.880261187774334 -1.25726625197466 -2.33628006321792
-1.80017042436136 -2.17350338750725 -1.16849195669352 -0.991203065772782 -0.354759735156265
0.416742732857316 0.145554408071669 1.02961196748114 0.715113521718542 0.948492027539595
1.53637473800119 0.067733519614853 -1.68507671218437 -0.142809298998243 -1.718441028235
-0.709888802857303 2.28297822501102 1.14449003106498 1.05649462680657 0.290379332638341
0.242453501446390 -0.807437756444364 0.297382125089573 -0.650147809236392 -0.435442166637242
0.13393866633983 1.24284636434979 -0.0609526395753879 -1.42155928747211 1.94160756388447
2.43288414397846 1.4183173805525 1.26800913999778 1.38405227059670 -0.827159484592807
-1.97973964821390 -1.65734011212097 -1.18280368079587 -0.635491570627883 0.234796536042228
0.572038223821806 -0.963026601073685 -0.351643218357209 -1.2712188832116 -0.84153848474382
1.89572046302634 1.47248801288378 0.509509702583212 1.65553531770108 1.84969766209213
0.363664959422651 1.51329241409648 1.95665647948355 1.80971029384763 0.823544840063892
1.82663314139322 2.34059665681792 0.00378305080002694 -1.17754366244911 1.91250592245652
-1.78501717036711 -1.73160953942778 -0.221991594562472 -2.41383949769093 -0.702566298535384
3.35976359280186 -0.0569969388582852 0.570902877557134 1.47555237627369 1.16896592258181
-2.11785239247596 -0.787896475196713 -1.34884538370206 -1.99646651082495 0.0428718399567103
0.706471346136333 -2.52124329461699 0.146916875373210 -0.765560384705651 -0.456781182439455
-1.38507240940502 -0.485944510113635 -0.691995775645397 0.839153927045952 0.593404649735147
-1.35819685009065 -2.11287717773327 -0.504081504456621 -2.37455427993643 -0.443789846846659
-1.48066815103131 0.222883750447242 -0.0155040276637985 0.583202201674336 -1.52520715332452
1.01647964748517 -1.73408919414831 -2.23062241340778 -0.881667699712544 -0.527985151775944
2.26139478452443 1.50496989146797 0.223572276480795 1.90075576898227 0.113882795881069
0.153590676279920 -0.617587677257054 -0.697228741144811 -1.86642068711961 -1.64881866859957
2.08544649970872 1.42592823346225 0.497775985846601 1.24022512608146 2.48471973446873
0.591741744869306 -0.700580126117586 1.61948876144231 1.05312634902624 0.277701404196588
0.314125083661455 1.10207794148128 0.952085194189978 1.08585211627757 0.779377087819587
1.58144853941051 0.063943600509214 0.192259369453789 2.82567614716569 2.09455123449988
0.524081353083303 -0.196196657758484 -1.89592703544416 1.93293468320299 1.18096362021216
1.37603502376710 1.17347970524831 0.9216394337642 2.08664460496888 1.44210056433782
-0.252287773023669 -0.997782389037197 -0.235361630250536 -0.657810022170876 -0.79498889770552
-0.63965855380009 -0.191572827191847 -2.14308085104356 -2.91100710050698 -0.409207907482296
0.67596511998753 -0.782350055170326 1.55564026083624 0.351581477422154 1.76526504045699
-0.628049558725021 -0.210694458375551 -2.84942240635401 -2.18868130100447 -0.0145786585682069
-1.21430152353739 0.966319828286171 -1.17918086334574 -3.07417546836152 -0.295894914335163
0.207010713953254 2.71521475255441 2.84510275472489 2.39826716573638 1.28216212595737
0.308697216480472 1.02399639598755 0.438889465471339 0.290919224584372 -0.30570853081716
1.19028537785234 1.95220285257976 1.26556680203584 0.306735934285812 1.3771868562989
-0.273313203249978 -0.741096126343746 -0.194098548524700 -2.52623328437408 -1.05908534660527
-1.63779237956547 -0.447764006451675 0.403746712873147 -0.487948490376235 -0.339520890089192
-1.51917515408826 -0.278314746868632 -1.27816225425150 -1.52469937453100 -0.937461126234223
-1.45059887169410 1.11624357593047 -0.568681101366017 -1.72319442664189 -1.34290239819020
2.49538885584190 -0.00937528362150264 -0.203474858000691 1.39560402263291 2.05909127414674
-2.97885412987684 -0.809026794673372 1.21644481217215 -0.651739171738395 -0.118610548409268
-0.961944150680663 -1.65026000055087 -2.10075043166986 -1.66475592458136 -2.36472263300813
0.980687298637009 0.0890775754835116 1.32998219635061 0.379397873647322 0.380772045711376
1.81089861719310 1.68996037837299 3.26869494461949 1.05716670537526 -0.800477079705884
-1.97182744508057 -0.359491413134542 -1.12952721088264 -0.0482677525318388 -0.0163863668317022
3.17003715175326 1.28477878507478 0.922783755932607 0.491856739910672 1.10872773223433
-0.577906288002336 0.542223735697124 -0.424818256851122 -2.34079293893051 -2.19606517322022
-0.561598212420033 2.06279373122746 -0.408337401550627 0.423569459127533 -0.206343608985774
2.20383324308039 2.53453627978316 1.76843342191279 0.0602662363897869 0.700946670956042
1.24874512281883 1.19325132147037 -0.167868564149317 0.767444782368041 2.27448784805474
-0.0515505270355403 1.78521633929841 0.622212484813184 1.21746364232157 1.59809511738847
1.13606653815884 2.54598221519256 -0.452046900063872 1.27898608391582 1.70602329945774
-1.01584888525069 -1.66703691074395 0.915954334365126 -0.0430708098611032 0.0584571195033381
-2.14918251056456 -1.46576142146085 -2.98992764949767 -0.664060574683528 -2.74680530110714
-0.921193042254899 1.56021057640837 -0.568834062836111 0.556950904785012 1.36750469690095
0.901652230592666 1.72564873982062 0.157252110328191 0.569619814601628 -0.303109409079319
-0.400170103382307 0.962703383189442 0.590552168015332 1.60217234401661 -0.0563571566205214
0.451046329945191 3.27417711324599 1.33312081113680 1.46451229443517 -0.00569570460752611
0.997636938660138 0.0699636888300506 0.426016002687283 -0.200892481758708 -1.10222457493129
-1.57227734287854 -1.84577369854188 -0.600142045369825 -1.63229998402277 -0.797185202917984
1.13138615622200 1.44827534600345 0.759672502104084 1.20033035564354 0.180775783450224
-1.92449188593991 -1.32061615050491 -1.98439934079837 -0.782521773042903 0.532480654402009
0.84070624958437 1.42584031589818 0.174220710205442 1.79104097631144 0.940225211937223
-3.38676226615063 -0.552255718422102 -0.348200117270575 -0.507664523612152 -1.02365497711760
1.56730315523342 0.912275061480671 1.96839894472929 -0.216157944714473 1.73111705831362
1.45969242806439 1.70838796469128 0.765190401037849 1.34975121459114 1.5890557772246
-0.936420788497742 -2.34099962226565 -0.484107412037826 -1.58175478891609 -2.31619256100043
-0.341632474981462 0.474550794768699 -0.895475724109148 -0.220534523260547 -1.42827217331515
-1.25380873859278 0.134859637875617 -1.31469517710137 -0.309938334472035 -1.58750403275844
1.20685013637571 3.31889932828398 2.03075540232487 2.99616865966783 2.64104174164661
1.64998401647159 -0.145048004007146 1.51210051840868 1.03783258987829 0.099984030540626
-2.8201998522094 -2.63363269150386 -1.25283049314899 -0.105347620399618 -3.21193158536338
2.17109647908972 -0.821192629059202 0.66603865068824 2.15525701158602 1.75367423138321
1.25527020143087 0.98534938593478 1.39559142097376 0.608936787611192 0.945822373793132
1.00753895938285 2.57273533550748 2.19335255840037 1.98568070460089 1.44864360751168
-0.487096392103905 -0.123434897099819 -0.518010118937708 -1.39802319095419 -0.0349814592956621
-0.442046405701655 -1.48448027802739 -1.37149485898513 -1.93345338909697 -2.52005900383261
-1.32533027379253 -0.130670288856331 0.490199255650027 -0.387535307332395 -0.130674620532579
-1.75221617529293 -2.49423619784265 -1.46027141193660 -0.841959952970694 -1.40873523308302
0.0342142617254557 -0.59003402703254 -1.62017777479635 0.448457472453796 -1.67307841689378
-0.219176244665066 1.23643649068500 1.43989752123128 -0.691944562919058 0.933221138737422
-0.783042650532389 1.15560083193304 0.79520493145326 0.440479218291656 -0.0659307352758207
-1.15883239833486 -2.0416849569973 0.531928393871991 -0.311035897278003 0.785548199929635
1.41293589949432 1.79535926538057 3.70312394383088 -0.692840930658945 -1.09557874381528
-0.0440224722828326 2.01311757817941 -0.407393113770163 2.68010317775632 2.33245583784888
3.35345178531614 -1.04870037563996 0.0964270028166385 1.81699286226097 0.897131539706572
-0.110222538028955 -2.09161554930301 -0.535660933807391 -0.866313905651246 -0.879976203447892
0.271428542590092 -1.52695553862824 -0.648332305855304 -2.27077149282937 -1.15727827467465
-2.66442162801239 -1.66180384903537 -0.91866968006779 -0.0658975412748048 -1.30026887165415
1.05874446981824 2.07847158507877 -0.586912951111143 0.984430743274096 0.970293303589592
2.11365183711091 0.957510330435615 0.120896339479829 -0.890147168404528 0.360217147171412
0.18351321536839 0.957036494842588 0.420233671983332 -1.83674715064802 -0.96975687160487
1.99450095693510 0.563171568466463 0.0812823341822042 0.939244806244035 0.0553267069230046
-2.6495666951697 -1.88224724455312 0.464761739108019 -0.198438148740647 -0.699561638243075
-1.16751160011960 -1.46999490222441 -1.11326620146205 -0.748497361461199 0.834439796207175
-0.868204099209618 -1.08795509660872 -0.581718982303075 0.136078047401635 0.633144014020986
-0.52807475659897 -1.75844213725668 -0.557096572360919 -1.03914199877656 -1.68618683894434
-0.384220236587132 1.84506929183061 1.76456594993566 0.999104846875557 0.281565999764002
-1.27012830404815 -1.98661415752572 -1.56770740622062 -1.10935561672949 -0.928699948816303
-1.06676162643092 -0.415563189748128 -3.31523131456093 1.12194016773819 0.827575745523951
-0.561577791766808 -2.40742624117782 -0.217280835210899 -3.36536478993101 0.425773451230396
1.93969419946357 -0.334828494221619 1.71787007166489 0.91067650354607 1.17371433394940
0.781349602256218 1.27324506164937 2.06000672759727 0.219884515444377 -2.04304209375080
2.64015371360968 -1.02525515773100 1.45761872515276 1.04081529974477 1.35415128204108
0.173934494117314 -0.989603709146038 -0.545783062930713 -1.96231606126219 -0.769556531915245
-1.07930519282649 -0.316208042390097 -0.230041310919590 -1.35638822486833 -2.2691880350063
-0.176463533706391 0.166685527815971 1.23477037148571 0.252103047207786 1.10211444084243
0.182340860061808 -1.47540110580593 -0.334686581593668 -1.19680377197261 -1.36347023939058
0.53058619400829 1.05123544599065 0.512672077051783 2.05877308446683 0.97398685649305
-0.350045501201779 0.601308245969731 -0.491260553590102 -2.55877650837489 -2.28023560291426
-1.37743919169841 -0.118776786380237 -1.31830269906805 -1.29661473123143 -0.554000776690095
-0.954147797418947 -0.981220764517296 -1.21820151627263 0.0996956160126323 -1.08089045024974
1.32639566981342 1.49403242450593 1.32330769909049 1.29863209993879 -0.0544733127501502
1.27561131089447 -0.484217737803251 -2.22608335571843 0.629767454378754 -1.23411224800504
0.470022533802713 -0.0387306772506861 -1.28439155921897 -0.94152197730772 -1.78927319153751
-0.922082511634076 0.121979641381812 1.05935032003633 0.645865029593807 1.73204004150361
-1.31692955332004 -2.14556780429341 -1.85871107945149 -3.38290968804366 -0.130753175827718
-0.496674299489223 -0.756544473685598 -0.879110210874757 -0.603513911744678 -1.63658671677874
-2.33276388429086 -0.944626169506054 -1.49795341770120 -0.540880666042228 -0.314528683772047
-2.17813261892423 -2.55898724688094 0.270689668113704 -2.19558067083496 -2.15543911561826
-0.998332715732332 -2.36510246068058 -0.62784697365422 -1.75577085292097 0.328403210793522
-2.55636019608178 -0.272533473689001 -1.40445403452423 1.09165124086567 -1.44335208296193
-2.0468637099178 -1.57694731568215 -0.950080734696162 -1.22058807093715 -1.66889872579119
0.901980259647424 1.15584688149267 -1.46113429036108 -0.582298078024319 -0.664199053054593
-0.183517703772950 -1.26854918466964 -1.213321411622 0.461172611914914 -2.11767000516193
1.15070834107783 -1.25357164515214 -2.46103684296366 -1.90163456128905 -1.29050290304210
-0.449952584236249 -1.23074000406042 -1.88802105400976 -2.08606503483494 -0.321169955116473
0.876380273717182 1.28861780651494 0.831826872561017 -0.479541412658189 1.99753339621963
-0.886615749092572 0.530890883183361 0.734024933250873 -0.855310708461035 -1.24312531730790
-1.52996204073049 0.984416691866863 0.848530528365865 2.44681284569684 0.385632562488594
2.1051034888897 0.280717713191288 0.601179740808484 1.28293934552223 1.79986284786224
0.840103721047265 2.07410491635345 2.60784767569236 0.756584772299435 -0.16875960619712
0.920057138453657 2.02230839471999 0.406285370078063 1.04916949393048 1.59065948352619
0.717416037439448 0.324209463251931 0.788410111374211 1.84370520144367 -0.50883960751091
0.0833588292883479 0.244467500968200 -0.413731306213025 0.293606514388114 3.63990892840178
-2.24845640072038 -2.47644547043124 -2.13462498991776 -1.49483099304279 -2.40190960436812
1.84226746373845 0.82956762547026 -0.531539616591224 0.292369463778683 0.747261860719452
1.09142231353368 2.04000777272316 0.796331466795796 -0.600822680412778 1.43650299693325
0.460175280780485 -0.108420141439200 2.13658532591457 -0.0345437264623534 2.17056643243886
0.844721948474926 1.94904797902852 1.73062558519114 0.79938464747852 3.00140110222435
-0.425577073686610 -1.66492550044289 -1.21249268673658 -1.18988882816828 0.332182647856339
0.294955479458033 0.528898522866357 0.931407096961902 -0.684192250430484 -0.913370444091322
2.05023366799285 1.63921817715564 1.66301685228173 0.859139586140142 2.31072837251347
1.59677486698960 2.05330328370955 0.885147672821538 0.997933318337725 0.0966198035793177
1.86151658381389 -0.268230805516319 -0.353617896666448 2.27142490022253 -1.71275262512964
-0.395559931710896 -2.20009732183932 0.0583861393742158 -0.698437686815574 -0.922187934382958
1.56230907407059 1.24654889838905 0.465498004245425 -0.170058544172375 1.13885777339962
0.491923426334168 1.61686924279393 -0.104221292897646 -0.62167154043087 1.44903547709965
0.338467857533166 -0.730364524697342 -1.29395955538104 -1.01971605789359 0.182365738575325
0.437424813078451 1.05867107210903 0.953587367788447 1.08777198451620 2.0853210617842
1.44039121888752 1.14501221347659 -0.580936352834673 0.949875356124085 1.59177759275387
-0.688771532229654 -1.94812899284444 -1.64966730472250 -1.70454204881866 -1.99239619933163
1.92944979029067 1.91539200425476 1.82816735893817 0.401952313571881 0.836913249862
-0.555424051137086 -0.0898663625172674 -1.02895901178016 -1.32637029977889 -3.31402413537706
0.797287256785876 0.215812371331089 1.44887085299124 0.539598571787767 1.61419073632389
-1.23224350298215 -1.81033772169224 -3.13858253706377 -1.87340031346990 -0.590863340036265
0.535412255673812 1.36278468494116 -1.51665541213397 1.13795870333195 0.770037144554376
0.699339138925124 2.07463078157379 1.33442630179596 1.18375766965211 3.01480131466550
-1.21031754202751 -0.297421480525713 -1.34612721631546 -1.53650662659103 -0.151792195706745
0.851889059384619 0.272227365269833 0.673110693566385 0.817038246435992 1.48330687131544
1.01413216081187 1.12350648706682 2.83745134594218 -0.764058761068726 0.638955553292329
-1.10436292978891 -2.37535545004305 1.59696306766082 -1.52556606733551 0.0287564511514726
0.465014178872108 0.230437400903858 -0.00157509158530433 -0.0549436230208673 -1.66657054090828
-0.214345680120685 -1.42747368450247 -0.818327750443916 -1.29682724458755 -0.792689740536223
0.0894602020086862 0.776773496772587 1.47977194589733 1.44636929439675 0.945614936797292
-0.633593259559613 1.60986621264546 1.63889971783422 2.70303670127050 -0.680957222216512
-0.694156162699003 -1.12146404455284 0.242311605621516 -0.819882245321682 -2.23483273718202
0.304353778630784 1.55901755762219 0.126267944930175 -1.26488097456784 2.86124842286734
-0.656344380416748 -0.213566881938046 -1.77168284117715 -1.32610752758634 -3.11138270669242
2.66190047178796 1.74843952384562 0.0376573324967111 1.24538106696420 1.57603017391981
-1.99129232593395 -1.96483314098664 -0.389053099886046 -0.556245284688135 -0.193362827527915
0.749427661193535 0.524730676087261 1.99337918907770 1.48369032559293 1.54349560846567
-1.20226817797258 -0.828393255469354 0.531022906049544 0.811681507345754 1.90397414120840
1.20220818557480 0.334956352929268 -0.0197691883522055 3.36341997663141 1.90543848493596
1.46759607779454 1.99742132881316 0.861259760388637 -0.0767400879629876 0.286807390677245
-2.06270692601372 1.59271846013703 -2.16253633685771 -1.72915462167345 -0.54904504019344
0.708929164841146 -0.693692377968796 1.24467025139693 -0.0280685825555784 -0.300569858610857
-0.114257006946929 2.23392948014581 0.843806433131858 1.52413119574727 0.441332107694775
0.92343177484518 0.809669594273952 2.88205454586431 4.00836976678115 1.61714485865655
-0.133060494584248 0.581910655268016 0.986625724629445 1.31265114236818 0.0656136891119468
1.46114941481106 1.5634912319248 0.68103931560158 1.41511324422389 -0.851176826389038
-0.915611424700088 -0.298391975925882 -1.47842286940272 -1.64711906094764 -1.24930839505875
2.79045495706365 0.640756360089214 0.8853643685235 -0.326925284267497 1.98464620987312
0.518455588874712 2.53812385918098 -0.165291420331126 1.48596744643224 -0.611151158414896
2.40824764925653 1.29879881629439 2.05026943424515 1.62697686711567 2.85233169999825
2.94484994267134 -0.196743169260860 1.65917084243770 0.22314102376094 0.788852717194619
-2.31719097231463 -0.953144676131687 -2.38823053119871 -1.69398419238524 -1.00884881262133
-1.73078975365684 -0.99379339012445 -0.00335123903516910 -1.47471616609335 -0.611053574099261
0.708936200342348 1.25243840742618 1.25343177082886 1.67527858430269 1.28417370422107
-0.621174890279592 -0.327198623112243 2.19516718143187 0.254653929583705 1.2696029406516
0.895103330821532 1.14105062789565 2.94268130620777 -0.381920783595062 2.31470085309417
1.39807672451914 1.17050288156811 0.289073716701376 1.93773823026701 1.42833947644234
1.18517321202191 -0.0270799676282851 1.91947699442604 0.663324327133899 0.624244748220358
2.15583213758435 1.66034551106554 0.423624949326045 1.54921172685106 0.139483797774965
-0.234605042369549 -1.80569151643232 -2.81234698467242 0.703541129313582 -1.38569276913894
-0.335834128338853 -2.13134946562918 -1.14028937048818 -0.338758921499715 0.00425446054528367
-0.329194707780896 -0.416695702094947 -1.23206022286606 -0.61876693014979 -0.249644726583712
-0.338454936175804 0.80560797290105 0.298162856081213 -0.365738640566438 2.18606695404847
0.132369316529655 -1.28587179536135 -1.68527205569735 0.0670553183578988 -0.955692144416004
0.244905678171479 0.546082963042551 -1.11051976106959 0.654270134699957 3.25886422174248
-1.32035969095731 -1.85652732323832 -0.138328478827026 -0.617334349168293 -0.574100939845368
-1.5756871433474 -1.32380344455983 -0.493805145799052 -2.07751454508830 -0.327201664409782
-0.536266004136065 -1.95353585605808 -0.72530192624307 -1.85001545168369 -0.936222677129928
-0.768729371377308 -1.62640242131721 -2.03990334011747 -1.64675339867133 -1.42228745769272
0.74825970126548 0.446448055602625 0.309794593752727 1.75241381933510 -0.2310712762966
-0.154300174927249 -0.398589394416771 -1.64982001174369 0.135158971319842 -1.16020513061545
0.743652345359335 0.599617125034542 1.11965133936143 0.421128211119586 -0.944213717045948
-2.01303794217118 -0.844610310607007 0.560524758000573 -0.268431990173638 -0.0632463949262013
1.46562213003641 1.84624404109727 2.4403985985021 -0.0374526254576757 -0.630651576705429
0.944182886857558 0.0148618376358534 -0.712689940923283 1.35942708842376 -0.314376956383012
2.11990336627216 -0.94224469073344 -0.267798989750129 -0.240663952540971 -1.98511177177153
0.941240713344778 -0.0796121978563198 1.39925029978483 1.79540388604405 0.866872812755711
-3.42174747456494 -0.11572233465987 -1.56509098312102 0.529089032144008 -0.682803063984037
0.504095288722119 0.170713657496484 1.18946497858254 -0.188863734289603 1.63740221137734
-0.444420400608414 -0.8077428989607 0.0268261408138832 -1.98347783100436 -1.93269519130162
0.0371267628341876 0.18628789195046 0.805487606353464 2.91601258971996 1.70176921537689
1.97054943871616 0.871603520241323 -0.394705125748156 1.70855341497890 0.794388034729935
1.27240577863944 1.96548992605376 1.68802322170023 -1.06527190761258 -1.15749440589516
0.703728249101265 -2.11997884489105 -1.99188469664217 -2.11797384393811 -1.59947020431503
0.348615551301304 0.325390512773268 0.0245796391916102 2.44603747253663 1.95568760446747
1.66242118662815 0.431338475100068 0.525494278055431 0.534625046708824 0.964650601487943
-1.4930671035998 0.396691160855487 -2.02544555098029 -0.810927302548831 -0.281324239991938
1.00776612985128 3.49145260159491 0.829718964602899 -0.436603146615779 0.19389405179183
1.99197374403324 2.34335343151508 0.595591234243134 -0.528709952357747 2.38885683929779
-0.946274118107856 -1.06238602155776 -2.01435639583184 -1.01706300174089 -0.559992386672437
0.121005225017414 -0.772698017668253 -0.697657034245721 0.316272342181823 -1.66645878755684
0.306867160491817 0.465253667453077 1.12981259089685 1.21187925053183 1.11945321112104
2.52244066514535 1.00604323543672 1.43754173651964 1.32722474848582 0.965908989701952
1.67963046505825 1.01029739374401 2.7538493541535 0.324271363112396 1.60050750381350
2.05658070176622 0.410667243419270 0.479745471304379 1.70506288848734 0.90036026343494
0.231469601645424 2.29013961993702 -0.356100422002209 0.65545152860945 1.23889814757066
-3.06689354028086 -0.267989904359591 -0.344780612679159 -0.490711912667256 -1.8335031014843
0.121466984804836 -0.432768991479932 -0.392960859429294 0.59389077460289 -1.17364751236258
2.73007189758199 0.707728443916785 1.92072542740868 1.46938319225191 0.911245890433706
-1.45574483149348 -1.24509686265136 -1.99545913274756 -0.739937470825174 -0.565695648789533
1.03047182600397 -1.75950201118315 -1.05488757018639 -1.94127965558109 -1.7157399131967
-1.77087708879494 -1.29087064696763 1.17405773721934 0.0181261995989759 -0.196680466035240
-1.80523340103649 0.882317951671415 1.00618506800471 -1.84028900274918 -0.794076093511975
-0.749944177964583 -3.11327553894454 -0.127214615233765 -1.84284199478549 -0.182139919143581
1.49369109696896 1.41560671155904 1.65200253526531 1.78508778537217 1.36090882235638
0.126297257331804 0.129655514650043 0.124670956013719 0.733357176367455 1.20130597979760
0.463293129721903 1.84756101293536 0.828536565230976 -0.855653961668575 2.89204525947148
2.34347604375054 2.81602443440901 1.97875890419831 -0.778609710396651 0.945501691999298
-0.44630053039962 -0.564596378128244 -0.269517621181806 -0.448375965797196 -2.85368686085863
-1.05888441794530 -1.31706974230480 -0.900048430699264 -2.47237375463124 -1.18927467085396
1.63619719438274 0.332554966435015 0.377796105389652 1.40574555979017 1.95902526748649
-1.95295695420697 0.178264233232839 -1.01550324585312 0.69036908477083 1.20853730094670
0.182697810108094 -0.816676517927184 -0.614918910656549 -2.13297198875446 0.219769576777483
2.77778186208689 0.768894962111008 1.15736877913599 0.536716776730904 0.13652743176059
2.27996971896777 -0.403843445582151 2.11566081696334 -0.302706217893768 0.77215444510537
-1.42033246994688 -1.65199753086556 -0.752229458421058 -1.25050723194598 -0.0440032963068899
1.87718456763683 2.72014518814069 2.17425211904075 0.739265863376808 2.93492026873194
-0.571123358882345 1.86358217215892 0.671645363952188 -0.453625486886905 2.01101850164654
1.58399814496173 1.01810245408366 1.10299034059223 0.668948072150626 0.696255383978372
-1.19747252474939 -2.07084036150027 -0.794232478185035 -1.46336421686492 -0.296351774187620
0.239686582435771 0.117485018506820 1.93847038791459 -1.32167664694344 0.740741335618927
1.72685401580058 -0.179624433731555 1.02877583552792 1.47973144197652 -0.591709774024681
-2.38539849169078 -3.10911797979007 -0.896261655510762 -1.43518268943508 -0.211832551125845
-1.10899993757620 1.50322024715416 1.00284787111577 1.26878429587172 2.29891009406231
1.69083903957796 1.58528059980131 1.04195349639347 2.20489059802965 1.45634315439694
-1.01836557618357 -0.340664690505772 -2.00025163535053 -0.142799468309793 -1.58137591390667
-1.1943946149043 -1.15782050091937 -1.2295216814638 -3.43991511230794 -1.32514351876232
-1.4489470800083 -1.13023977563199 -0.365808008644365 -1.24748510666552 -2.81064815483581
-1.32984088601845 -3.1511984705034 -1.35859569957886 -3.37507708858517 -0.504160366454752
1.47374144544614 0.866017245107537 1.53607502422208 -0.429256920647537 2.04804093097701
-0.97250864247801 -0.584943175062373 0.177506470362351 -1.13353206316477 1.37562872229705
-1.95439222730828 -0.407522720297035 0.210208597762867 -2.24888364343599 -2.45308629747561
0.0588856049644099 -0.421420847096163 1.24253335006568 1.67311312425202 -0.0553521119890972
0.724339156644755 0.0859802575885167 0.0302473983295047 0.244099506917613 0.336726023958638
0.76345403646143 0.314371821770663 2.21173246932141 -0.292704282704661 0.765486897694157
0.917746637018945 1.75446985849925 0.604462134545382 0.00437782630257999 1.40213188104238
0.69167979058083 2.21538990127962 -0.273699073395267 1.16421046614143 0.349852878061749
0.832244333365325 -2.29160326542091 -0.0641452412036102 0.0158937100301944 -1.95005206351747
0.0392549922355909 1.59349979285373 1.12450862797159 0.378625549902517 1.77666384968256
-0.259432074625205 -0.922571183992557 -0.852487466031784 -1.36987296099733 -0.196132284600635
2.57878663987993 1.86155881109432 0.513707589507932 2.30654387231835 1.04498968445614
1.22499296944226 -0.0280796476421912 1.57081861205492 0.901512140568314 -1.47158744352549
-0.431605327258178 0.259170859758942 -1.12554259666447 -0.286500624620716 -1.46291420401755
-0.74748323216867 0.056371753018551 1.17748128585513 -0.132928647576650 1.49537027432585
1.31759900613616 1.96594169429393 -0.244581310705694 2.16573172876963 0.555459557780143
-2.90040660737456 -0.99193974136622 -0.427330245303788 0.314489800475774 -1.36803988322704
-0.377304269599717 -0.470497834894175 -1.01230874387067 1.21426760985880 -1.08306306143151
0.61654040995589 0.278760076655286 1.01774324576100 0.838135811780577 0.0647992270611265
-1.80588081317512 0.0947575135640815 -0.506369886502944 -1.69554182527919 -0.859272300690645
0.765600834203872 0.656831661577611 0.74939668905526 0.584068223765526 1.52166447144691
-2.38361726886267 -0.763191685875888 0.112804002663100 -1.13289843857965 -0.989150641824154
-0.147835187614663 2.27859540086923 1.48924376858680 0.118391032231830 1.76104396924165
-1.59936134506017 0.272769600599804 0.407522110783517 0.132128456273911 0.137603506703239
2.07631096407089 1.01858310110143 -0.818963746136542 0.265936874642107 2.05099707912007
-1.83697707324374 -1.65869858837011 0.55362114750652 -1.74216994489407 -0.296710760742854
2.73247893960239 1.38286355580572 1.99473900467411 1.10851053237279 1.22769925436537
3.59277726196975 -0.44705095957237 1.34335806298625 -0.362996592768798 2.52063894431682
0.959500619210083 0.646788129121836 1.71967528605151 3.05859353088747 -0.80512759804245
-1.84520826742071 0.881457347786307 -1.33561394605579 1.81412701517953 0.84240998875492
-0.27959808045498 0.631758394344223 2.03410503634162 0.521940053106648 1.38907287869350
2.2438155595732 1.11610420396464 3.22954950810941 1.36177273918395 0.36890991349306
0.646778189187598 -0.626213509195325 -2.54388992456 -1.51090430869896 0.148700935950117
-1.71886972066723 0.737822608206396 -0.732524249892455 -1.55052420330547 -0.608370146218728
2.32923582506416 0.198397052290180 1.66731452366781 1.59168878953778 1.1235869829828
0.537762437997412 0.311074467218614 0.946478732226302 0.427293497585902 1.21375633645251
1.35980318859934 3.27695732166317 0.55970858824694 0.681028650787737 0.84738782429685
-1.13188929975769 -0.553802781387826 1.24976919884358 -0.818181479881613 -1.27086341570433
0.96292678142420 2.40637562902228 0.733309786498001 -0.296195525372850 0.750994535557659
-0.188740526636487 0.690739456361145 1.58919953662884 -0.68359211475623 0.469346181342831
-1.01668409208593 -0.810263142098494 0.347576918982343 0.195320247637337 -1.62017171998864
0.824810999066884 -0.647147801666451 -0.332072900075601 -0.00968055555977987 1.22751284042387
0.210108430239615 1.94364806644502 1.34626097188039 2.3637663943923 2.10482445945345
-0.89811765101862 -1.30158563308331 -2.51063939131438 -0.470992924193994 -1.12974590667762
-0.674054622940347 -1.21578072786933 0.51600368457984 -0.308743802946776 -0.343812838354494
0.144773451258195 0.720939723846052 0.257627624772973 1.77749283743079 0.710759647474081
-0.333754009766164 -2.9264631392104 -0.823250979620626 -2.09468471677104 -0.86060230887654
-0.292134358299536 -1.56074604752531 -1.00518705947729 -2.25973317328134 -1.69944051027307
-0.876257224558711 0.847031150304669 0.665177737581677 1.98665070860625 1.45594472235805
0.980764455541976 1.52938144027120 0.219769817433195 1.17179736583905 -0.609056791676357
-0.6751510908634 1.94251492759220 1.07957455425719 2.41140206718487 0.829639087755663
-0.37681034516758 0.100579638796519 2.54358338788558 -0.819142360355516 0.165301043833422
2.2821658455835 0.844684128416579 -0.788379465228223 0.700902783520456 1.44696151136131
0.0673084129760009 -1.98696012328440 0.857077658025236 -1.01388266068613 -0.434440665176204
0.397702595559281 2.28512367047536 2.33601685013132 0.443610701016178 0.283348823064285
0.240978314955777 2.56851089568209 1.53546357050594 1.20941220092167 1.99247324270239
-1.53725012215092 -1.26817281972750 -0.0709924433480692 -2.55826690472119 -0.350081734528820
-2.51152614736535 -1.86531986637272 -0.652315362338727 -1.18609503651714 -0.404653701263913
-2.08826919443383 -1.37936077324538 -1.13380515006451 -0.706106255220466 -1.80121430967481
3.30573365422277 -0.0150820568230681 0.0574817364296736 0.892865725654046 -0.131340718610889
0.48142630394798 1.31935405709019 1.5991699720372 1.56608886040822 0.185244549685993
1.39338501340806 0.83829266884665 0.129410936244232 -0.366786403803011 1.40056853315851
-2.36484949210307 1.49552373193942 -1.83969287515571 -0.0457778175794876 0.250693435009213
0.0657489529550852 0.159442367676922 0.271987267573847 -0.0726585837357167 -0.898390578889092
1.55776883720937 1.46341441267470 0.339305510466792 1.39896125222258 -0.305827017025164
0.556798916001418 -0.217400523053490 0.16017016272822 0.322681596000081 3.19605464828752
-2.15467197745111 -1.23339970372851 -1.38974444358332 -0.97126455454845 -2.70836970797038
0.438594889874683 -0.139342962382999 2.09505700857317 1.16678694066595 2.17248789106492
1.68817602289937 2.51547424437832 0.363949292803372 -0.163625712184792 0.572835204407634
-0.803908666678175 -1.99704780436475 -0.482533602439441 -1.67175698007213 -0.624681974260612
0.584398316441811 2.15966859915141 0.143958031156973 0.86124610426088 0.382538089016092
1.26466917215228 1.81243038693578 1.57340889808029 0.388243804941245 1.92758203610665
1.45963216846875 1.07770942020797 0.205987322744142 1.75564769680864 -0.490047409744207
-2.95210194506861 -1.45239875006575 -2.36862613526372 -0.704189114512041 0.623483525471613
-1.52968985535574 -1.25718826048009 -0.249044499750164 -2.63589691767136 -2.53165443855064
2.83455634245432 0.472475397992834 0.776759770406539 2.30636084938437 1.77290713274895
-0.85157391464842 2.16872326218352 0.528276901014105 0.211988597871742 -0.674790757875623
-0.969757115346476 1.08736592743726 1.84490718354459 -0.712853424521752 -0.575668543976602
-0.141284869911894 -0.672500497631945 -0.517400723925603 -1.86123950654809 -1.46550772647671
-0.388409702571993 1.49431088369918 0.552225262289161 0.154756974177913 1.69212725977455
-1.55440035144795 -0.194855884728372 -1.34384672513853 -0.830681958353148 -0.719578034603878
-0.282345410571658 -1.39866071620287 0.0280059648229045 -0.466470785622219 0.98337843440331
-2.20073705622921 -1.41447409058180 -0.548863509297568 -1.26245056066697 0.0204267206109063
-1.43403248030227 -1.33594093896755 -1.21809238157075 -1.11470680643264 -0.909626042391306
-2.29027186439312 -1.44530243178095 0.0595961184934160 0.601763879462550 -0.709295036437876
-0.539840264493601 2.43152193223662 2.14758903148840 0.96306799235389 1.39068874761604
2.11208742842588 1.85235319794257 2.14932956130465 -0.373410622521852 -0.33478426311924
0.675252141949717 0.0777117650809914 1.92873970287116 1.70508630964208 0.940979077231444
-1.74077586873971 -2.67173099749737 -1.61254121582701 -2.48286853528974 -1.71213118391869
-1.27713744580619 -1.00722792989139 -0.494007664501953 0.231632752223560 -0.723314687112475
-3.09970117138004 -1.80377543062608 -0.195917293244405 -1.17767486833149 -1.49415676966344
1.98012154252416 0.89943186397331 1.97084848610154 0.689633120135836 1.65499630921852
0.623086844119451 1.51051153024947 1.43622840726424 0.886362183758034 2.33940885629495
0.978148641343066 1.37316452825112 1.97505856589097 1.42869095131836 0.728785833580631
-0.464729658579377 2.12136237253886 -1.09093337363249 1.59481343582413 -0.222528558036449
0.93212311730792 0.916547319353016 -0.774549801730039 0.348848618871005 -0.277962210739479
-2.07304892113685 -1.20598745128514 -1.47445405946399 -0.263934343138346 -2.01819225085773
-1.78662902278494 -0.962383819419835 -2.85714141506033 -1.16887656080969 -1.24712477908128
0.0455658063643137 0.449389422601534 -0.641397444233892 0.218424078349045 0.605408792906649
0.530616685460937 0.264000871582595 -1.14912389702040 1.13289247181189 -0.228405104334020
-1.24767481305761 -0.953439036996517 -0.597515296067941 -1.11216142682802 -1.56727411744293
-1.99233766204628 0.0393680587083161 -0.940157279841978 -2.14933906139856 -2.87055140838007
-0.537875389450545 -0.713478535844355 0.0818844372688268 0.091348402567432 1.25769840603041
-2.28702661360351 -2.22080303572 -2.50047956507908 -1.59072705973798 -0.232040348972748
-0.590220052572955 -0.0265990587629262 -2.36392238722292 -1.01157961517788 -0.517091625199028
-0.84499987840449 0.215089750148973 -1.83778584449963 -0.378405156815815 -0.844475099903248
-0.591017209243069 -2.57755448926486 -0.163163905811405 -0.276485440347914 -0.86852126080589
-1.34725518261432 0.576821662989929 -1.19683639705714 -0.589076718041412 -1.55399103522166
0.824922571457115 -1.57507720718692 0.0130323454422810 2.18030861235152 0.688399102064299
-0.289283900164594 -0.555735276552443 1.35186419376715 -0.0236187185011798 3.5831692892774
0.226323767910031 0.0845118210226596 -0.873256802429817 -2.12144201654816 -0.710792009674311
1.63815488899972 0.904632763645346 0.193020796814809 2.60819567906429 1.411553303651
0.597515675470934 1.11096235797486 1.65403606867930 2.06906574617112 -0.883410141489355
-0.442926962145201 1.46102984621673 1.59827991943852 0.115523704962800 1.36070788296710
-0.69402405553405 0.537600372375302 2.02525119985162 1.12343094215529 1.75681613281063
0.0126765075165176 1.14007093538824 -0.53748694519716 1.02577183252281 -0.0230304673911941
-2.75905799813544 -1.88845879004325 0.962804091881272 -1.49405806662284 -1.48905271686220
-1.53167220962064 -1.70578379825765 -1.78724559852667 -0.959293715734679 -1.16025742673925
-0.292563924869663 -0.32740352939923 -0.555130508698999 -1.13289609456571 -0.763417543011337
0.113880565158395 -1.10999740087243 -0.958814948986023 -2.79925084231441 -2.05031744528165
-0.619334771871167 -2.49439331682552 -1.06533394844328 -1.36416995297510 -0.154470674360506
-0.56457069745573 -1.53413789339427 -0.0567606394601827 -0.698164538106241 -0.94255450907571
2.17823339900018 1.29445691848379 2.14526303524807 0.845817321439798 1.63647619281027
1.91077386541022 0.337193749392832 0.709369645213985 -0.46382575920573 0.890966802580134
-1.71836992264349 -1.29818086328234 -1.60529555072991 -1.37798395330943 -1.52174492154112
-1.61820601713851 -1.43640798453261 0.364109173913186 -1.94824626457851 -0.0985708660735106
-1.80066513423023 -0.692109944147523 -1.91099877056530 -2.07592057138663 -0.554460918214906
-1.19834217080157 -2.50647668921738 -0.274260591231662 -1.58342919180629 -0.859517993914305
-0.639549685882851 -2.21243708583669 -1.67573134831596 0.569643473276404 -0.380502717056913
-2.43622916032155 -1.31477885738825 -2.14509720885026 0.0445129328225233 -1.00689052928969
-1.29098761925650 0.0108561028575309 0.111643639331695 -3.29398597219737 -0.34411523434807
0.600091560585178 1.70690023965970 0.158206270653313 1.62784467478950 0.134205989257116
-0.684890604832529 -2.23613033525829 -0.922953728541676 1.08698542160568 0.213535878980038
-0.111310916267235 -2.04095179499479 0.311005434366117 -0.141434335878435 -1.54980424396887
0.668170773903632 0.39076491529677 1.82814532383906 0.135468685837820 0.657699269113847
-2.12738042609920 -0.274336438359516 -2.50442814718175 -2.22740506524656 -2.53475342481241
0.368255837882143 1.28756060129424 -0.362467868708909 2.48183223446739 1.20662116931541
-1.44830265469057 -0.941104839394402 -0.587795188250646 -0.827318292017866 -0.745733684949629
1.00467235118545 1.37978206919704 0.883033726538569 0.764547313572232 -0.501279412041459
2.22310588631937 0.409037041173552 1.83811939660594 0.406745430130429 2.26517771265799
0.0956441929354447 0.494784672136939 0.914486175362691 1.03988729900071 1.69165767006661
0.603476426748503 -0.164699118245878 -1.10364337945068 -1.08724133317721 -2.82243053694214
1.52060216710609 1.65845054053139 2.53474704885865 0.391146907973144 -0.250025785608393
-0.949566211656247 -1.81701751860128 -2.20516090614205 -1.81220871809153 -1.12694040327792
1.42598275124868 1.52629664794933 1.84063609116046 0.8769163305345 -0.195217416016895
1.29789890993871 1.26997303335248 0.512674090837547 0.78239747093966 0.824634906462741
-0.671377613274738 -2.25986632646462 -0.881551586543583 0.289708357718578 -2.62452495612896
-1.6251284659458 -0.101519434297743 1.69864035559375 -1.47601127182800 -0.231929099413977
-0.60136744074432 0.104225785983265 1.03439526625338 -0.683578879229125 1.59828062877971
0.579468791128497 -2.71301936747456 0.458770192424215 -2.13148864482625 -2.21309833985091
-0.196431096601897 1.14145156335880 0.606167567868928 0.938041703821994 0.712199135732966
0.174855793728462 1.34716821704526 0.0799070547621268 0.712663534457899 0.448869708445917
-0.151354360004414 0.303513002541649 -1.52863331631767 -0.237049340847451 0.790310431971094
1.51565343256739 1.50995632659946 1.87753475518044 0.694840619549754 0.00137897265734599
1.77971744318124 0.797544170501345 1.05769265498578 0.215546065113978 -1.30477854744121
1.70584518543610 1.28527028886479 0.814780830946463 -0.532856773805638 1.0330032767412
0.310134522556923 0.339628992517159 1.88886063882028 1.87860894659733 1.36698477241249
-1.30501674982747 -0.915613014756101 -1.31778701120258 -1.88274843425643 -1.42013184691499
1.21177232315576 1.17874256838475 1.15991105988168 3.34022278036937 -1.08364389013229
-0.65874663082723 1.58651420286217 0.991617841330829 1.26340801209590 0.138024385071814
-2.82646160006687 -0.842315307406316 -0.542171909506499 -2.81147770998711 0.169924151294674
0.363036554252874 -1.24894277397731 0.0993644621200633 -1.10755149256384 -0.910566075967248
-0.393672680385093 -1.08047546439125 -0.189107871056246 -1.52068530674017 -2.311726827066
-0.86073103293588 1.05028132773367 -0.591969855189671 -0.79499664936225 -3.25286871899928
-1.56540374316781 -0.0497864441379192 -1.37280480818997 -1.1492126428995 -1.09221769356011
-1.57449662002869 -2.96122664049141 -0.0286746247351106 -1.71319911525118 -2.51317945394904
0.312876062181275 1.01183954084727 0.883565021488303 0.957772498466069 1.76229584044798
0.273904905935641 0.932202752987144 -0.261079202532186 1.20689204011079 2.36441064967075
0.140957870816436 -0.121220384265294 -0.190197085631371 -0.097662099890331 0.384380374962818
-0.149478820242527 4.04137005820899 1.30837252680330 3.63980862992207 3.15875203633165
0.0255478204364012 -1.71263607902550 -0.452447751995883 -1.09120411022166 -1.08472025955539
1.82891880083700 -0.613259889948106 -0.964247028849082 -0.904676575781707 -2.87627347653956
-1.83668005019478 -2.59098150147176 -0.320390799898212 -0.960596697424457 -2.13110578221052
2.54246283173142 1.97938292901504 1.47966332829717 1.64003311985995 -0.133154305714304
0.629115220956468 1.44618286902183 -0.0981431025595703 3.71111481120823 2.32545606767588
0.125902057914244 -0.94593605034921 -2.41726775744781 0.115784165573201 0.426878282273806
-0.682202897489433 -1.49627341104363 -0.400303095349666 -0.526574486723256 -1.78932741294263
0.390094710741053 1.21966413687853 1.99244744120435 3.26042217472389 -0.114856636195061
-1.57231972403033 0.352700866806424 -0.892131270437628 -0.366567746349972 -1.87984932800783
0.667113622643948 1.32499257499346 0.0615845841350028 2.21315153594942 -0.268819669392254
1.84015582416501 1.16513358747914 -0.314962681213503 2.70603877388749 1.17750368348810
0.606622468229287 1.57830603603116 0.808238090716742 0.7177757258811 0.316438425522154
1.58019467953002 -0.069935575824881 1.14711967576222 0.82323570068193 0.658225310370315
-0.322470751228792 -0.57916476575779 -1.25181871191980 -0.474811086922165 -2.65274959549991
-1.96267039598913 -0.914975325767295 0.519045652278811 -2.16116797368342 -2.60993793483563
1.08629460212449 1.01078238682503 -0.418696213891827 1.00001484188281 0.720669608908286
-0.82651570387227 -2.0706374396176 -1.58321054654462 -1.67806921658638 0.145988337255426
0.48563289865332 0.629948402765045 -0.838422425801212 1.04341758478658 0.376364184112058
1.88346627386209 1.99483106273973 0.618562670141244 -0.497600503035259 0.645243476585048
-1.00319690430104 -1.9324238926227 -1.66941113930838 -0.532684304776723 0.443577136578107
-0.267920124226361 0.447195977148789 -1.25236504201458 1.78914520870814 1.63080374312954
1.91546140314534 1.02177759919737 0.461307622367502 -1.03288160541304 1.63540968209309
2.21794626140681 1.63796618526594 0.365101986224171 0.236477640952399 0.898009280055382
0.934604492466364 1.42149521331266 2.24369083450269 2.11412556472886 1.35200764069381
-0.094176965301039 0.147877797449816 -0.176646707101379 2.05151524836991 -0.641700689363381
-1.99932205561446 -0.802818947516328 -0.141427252838357 -0.620731185360615 -0.308727378757123
0.667133320539848 0.297533145368503 -0.718271888645242 0.946640583267703 2.33033001889087
-0.815566775805794 0.404373550702275 -0.560140328011207 -0.784320030307714 -1.83956394042348
1.17303820066497 0.0146969279807440 2.10488004265206 -0.00691086515951267 0.394234735906618
2.23631924513615 0.332061715703081 2.11904774776545 0.827056612036557 0.625027662921392
-1.36272415809565 -0.120297662618482 -2.50123695347916 -2.49010928703793 -0.472565135025026
0.251704131091028 1.08247273578487 -0.174230644177417 -0.168557252700606 0.122658882094836
-1.70525925520244 -1.17108464702782 -0.865699039674741 -1.05406836834979 0.505171575290256
0.227137571889194 0.479297608409547 0.206312053276986 0.108353550730196 -2.49938280598482
1.60989975618154 -0.821151524076917 1.07782035798338 1.47824132019115 0.259807081765842
0.444477978819031 -0.676146221485767 -1.35608421483507 -0.447862892753349 -0.550824880452232
0.230741334023515 -0.0348453838674551 0.561684602112527 -1.31611194204490 -1.91732066087275
2.55722150429562 0.600531777501753 1.4421554629458 1.78120923510192 -0.479660014381282
1.51409650722149 0.175003783328156 0.134062230364601 3.58007784938081 -0.60328067887141
0.067844304768275 -0.63416463348034 2.14526199164209 0.126729520616074 0.842377206349935
-0.488091792293439 0.184774310134768 0.662624940132384 -2.44003666766935 -0.928161895741398
2.60026127461792 2.09024282511803 1.52954993303362 1.43986905217018 3.19439783890363
0.212598117581888 -1.58333021234927 -1.12269679873651 -2.11572822879677 -1.24522876911344
-1.33479722149108 -2.28266300567136 -0.203956207923198 -0.176543600389841 0.788802701665758
-0.024425631552637 -0.587974797313613 0.974937333341557 -1.95114292861809 -0.432047646862199
0.558008400533926 -0.762030089685214 -0.761826121066197 0.800693614254269 1.47469267727176
-0.640004614411167 -1.13236852722089 -0.87892155894389 -1.03819381347695 -1.87290597275461
0.202892155558197 1.32347102521106 2.65605831529332 1.06375015110774 3.25298948645766
0.0561326508715998 1.34317802432082 1.18411953937326 0.760241299965331 1.85180563223761
-2.26896125131166 -1.14885394163277 -0.976561144038204 -0.139367364722055 -1.79927398027071
-3.83653272169744 0.0722458639509036 -0.0258613667315117 0.0538555772376119 -1.20940491384713
-3.53391876785558 -0.675618622159112 0.529230934643337 -1.49502553937255 -1.74992055147891
0.961899389645788 1.15369917984008 0.72031479551382 1.73872103500458 2.24054859264869
0.220377947940232 1.26504958944870 1.05914452639560 -0.139843382660922 2.40524178999936
-0.588986166828347 0.132993325365873 -1.54336156557545 -1.21271177629424 -1.2389259933077
-0.411152891594437 -0.761727473747933 0.368585732877372 -1.32345239834268 -1.20580260792856
-1.79010807237985 -1.30086020223259 -1.39880765288779 0.809704306128803 -2.11568094665946
0.0367114304375880 0.173574583129962 -1.86745068617696 -1.73636371875093 -1.36819390869337
-0.371676039595634 -1.41720144345524 -2.0960078796469 0.148829762083699 -0.889803785513195
-0.175234938528947 1.83808834708902 0.828288758386809 1.14524139780246 0.519907098283195
-0.129474361002421 -1.73040866024105 -1.20951005965852 0.0655915930246573 0.47733324836137
-1.69223615578671 -0.662569142255877 -2.33865467005023 -1.51098584843493 -0.226018039380200
-2.27153939072428 -0.937032526957111 -0.877797188476276 -0.374617318719814 -1.84076511261591
0.435764606175097 2.05514746646663 0.549153782069686 1.18819362543422 2.03263208467710
0.445312860782782 1.11884949190656 0.906112909229877 -0.290820791913244 0.603831100799438
0.680776113685735 0.367073944882504 -1.00136555105652 -2.68261203985535 -0.206033214697918
-0.091658118693076 0.689405608090029 0.0225452664883414 0.913968385849814 0.966022457981181
0.203230816513195 1.49225663768649 -0.0387324881055722 1.44236247221417 0.186410198371983
1.32201006851510 1.24324120887366 -0.574041329337782 0.741001320439717 -0.0346371447458504
0.267958650441935 1.42947221712073 0.226305296295746 1.54669545757705 0.569095071065011
1.8162419564555 1.80908453191711 2.43001150018129 4.56077457730349 1.23350323345633
1.64370720125657 1.99127347541648 2.4408463256121 2.08755463328941 -0.302308353718449
1.08278706670742 1.96155171250271 2.33753353593951 0.691001661702111 1.11253272930022
-3.00139450088604 -1.99228995043529 0.908741437511632 -2.01616556707906 0.123762629796359
-1.54079985874228 -1.09368690328313 -1.06575865782768 -1.60412697651339 -2.28691073733087
2.03804376364378 0.0450484897243985 0.81670634172087 0.812031033871235 2.04246347945
-1.48933763412306 -0.463897204281869 -0.9468445709376 -1.25534155802200 -0.379418478808486
-0.53872984869979 0.999626510041834 0.679948372263554 1.37340638716332 -0.041794807929832
-0.569281689996007 -1.85831916279482 -1.16497074620681 -0.531536547086483 -0.719970506385492
0.20757851310865 -1.50481782189713 2.0289348580953 1.41727552408776 1.51210080600766
-0.339600046706431 0.883805636980997 -0.777795529781913 -0.749971138200852 -0.848542700258356
0.542603556924262 0.930967512218402 0.700614486789075 0.54309394524524 1.69456294241766
-0.858420428871603 -1.90076638428497 -1.09231010561620 -2.44791533514772 -1.74450320753004
-0.553386468992888 -0.184125923217771 -0.254719067808995 -0.560613600907107 -0.396714532416776
0.887412404939612 -1.66278560602801 -0.597822707382074 0.871534170304744 -2.51406260183558
1.09231375326708 1.08287403338408 0.571540536742768 -0.431044440706657 1.36447635496682
1.04369287579648 -0.362131408356826 -0.00225011572381328 1.18865241173627 1.98793947656274
-1.49149534084979 -0.531855103399527 -2.12758471731743 -1.35495908284245 -0.724514080193527
-0.870170252476823 -2.69578599158183 -0.892996204717789 0.945983486661995 -1.77046695507803
0.692485274096997 -0.441736651469225 1.06635586348982 -0.99609799789099 0.29237848353413
0.346347454360898 -0.792730833725684 0.79779384093607 -1.48307710457788 -2.35888641035323
-0.0463276893305418 0.782873863653342 -1.22286850811150 0.476921813397561 -0.928365813610113
1.79037885498759 1.52754091156797 1.72059781005111 1.29354610363597 0.911952177417913
1.60315889414413 -0.69193344385988 2.09671486256720 2.86640505160735 0.0800319231603643
1.35229500218769 -0.569438437485649 -0.0366174000436013 0.11371759420138 0.311577337471399
0.988468758711024 1.76235595171857 0.460992321579456 1.68313772824813 0.607957228136756
-1.68409669057052 -1.18232320444042 -1.51085856875391 -1.91084555247837 -1.84165829646316
-1.93047248007917 -2.29215934074058 -1.06527055006070 0.370216170374602 -1.91400727581219
0.84867636051701 2.63502000128147 0.691270005494416 1.91900145603577 1.77874871362007
-0.92795390492829 0.377466130435175 0.317544235399321 1.46525348228905 2.29237063288806
-0.0943552007839316 -0.603971853750176 -2.76115708130676 -0.385625804254547 -2.04058976675777
-2.10438621967681 -1.7461338977808 -1.68012732274105 0.221692902933521 -1.59307662577234
1.04987768376469 -0.128217765339124 -1.42348945170893 -1.94786878530583 -0.753145969763121
0.846460892313028 3.95567561424985 -0.174911764363045 2.03215357110671 0.552958367413285
3.51756584733529 1.3412916278268 1.00983031853642 1.21903625799701 2.20837220860950
-1.15492394451515 0.102376211626389 0.748505878567841 -0.79249821992115 -0.218663056845804
0.413074579756592 -0.779397580649152 1.13459374289105 0.613929895501694 1.91614895285356
-0.123831261351536 -1.65774332808655 -2.27660998496028 -0.501557711004893 -1.73349047195292
1.02600999920346 0.973625591901558 0.173674563457910 0.190692152387173 1.83222758246632
0.288658349083938 -2.3086907829038 -1.60575352117713 -1.29894464572371 -0.476165618311742
0.977201983265612 -1.5936308742544 -0.776728504522355 -1.83377801257422 0.323497811275224
1.02464805386877 1.67960798149885 0.440893511350446 3.12278881119426 1.87514499158674
1.24718707905770 2.49091197211628 1.81406673159474 0.395479980212028 0.697016760075031
-0.365421608077679 1.24689594041986 0.701653786151389 1.61995934009034 0.855324724090443
-0.830277506164301 -0.238168385381174 -1.02697917737043 -1.07567076704793 -2.83706858645632
-1.86560356915882 -0.97857490610335 0.266702696737105 -1.65699320366084 -0.246776778713442
-0.582282040127162 -3.1207942205749 -0.888503836469727 -1.26244568666617 -1.05082998505939
2.38694030155179 -0.814303750767569 1.78598519137525 -0.545091750168021 1.52570865426548
-0.00310108475242021 -0.520883539821058 -1.17967205182540 1.17314448914649 -1.19421425571522
0.0343690964234268 2.96290605608293 1.67561074855195 -0.649759997637565 0.739811981770851
0.0539297614345386 2.27136743626852 0.45511162280507 1.6801004331836 0.936373709061554
0.919542734130211 1.45923145410725 0.662732474687431 0.732806263123468 1.00108870634550
-0.00118058608429839 -1.31753266230565 -0.0356204276186229 2.65200113176580 2.25766873665234
0.174523390441424 -1.24240287866415 -0.803737345858999 -2.37083503619664 -0.501987266597644
-0.678933669667579 0.311756793917183 0.858687384822311 1.49146581611630 0.938431765313204
-1.28382989468969 -1.05297883149844 -2.76679901923668 -2.37912617561702 -1.76767470169373
0.277562263375047 0.741133459863152 1.56259441733009 0.91883930002813 0.0245938445099706
-0.702260721865845 -0.279267590810509 -2.17257375874695 -0.95976441729704 0.549481339669084
-2.1163700367567 -0.522094268060969 -1.75259362278328 -2.10246729000189 -0.886175609752855
2.80895678125719 0.757504187276997 -0.793151873861572 0.0381294245344368 0.244995356685493
-1.38737738685400 -1.54827787784877 -1.42193415980990 0.0973978042117636 0.0488130725537528
-1.56287733217405 -0.694962750536998 0.189346448116156 -0.665698108337805 -0.97167908559052
2.30148267349866 0.501959531073564 0.440627042945504 1.42052503758600 0.0199603607578068
0.838416454189676 2.50976728753957 3.32210759943903 1.12302590320620 1.12959954496963
-2.92665006753005 -0.318001415700979 -2.08089664752216 -1.10384650902622 -0.576309723221043
-0.246770909912576 2.76699023269667 1.4178475868194 2.42426014844225 0.38418799783049
-1.76969166481086 0.996571936068513 -0.872611331701134 -0.603785190480105 0.634124491840272
1.00151467927965 1.36604549374752 1.6594028032917 -0.244634362487724 0.86154268976099
-1.74573207216996 0.725448159069727 -1.34281149054111 -0.404512141575435 -1.04188751545053
1.50476231580253 1.27772533009694 1.51918908860523 0.538305971052975 1.02710618297037
-1.89106606909445 -1.47991896769044 -0.100477875761673 -0.683062061157567 -1.02469557233960
-1.36869297545371 -2.03555776546535 0.142357922401603 -1.07002424938111 -0.849942079021007
0.586209541064248 -1.18328672253082 -0.0542960840144735 -2.84663710690478 -0.253918600419673
0.348863237099612 -1.37129659289589 -0.346196563046808 -0.91791688793505 -1.10996903574914
-0.626215606372537 -0.0354461343115293 -0.255318488047723 -1.42196368478423 -1.13749125556008
-2.75140744650318 -0.596805519297803 -0.317861640268945 -1.37254611572645 -1.15844045637871
-1.16343522620333 -0.95810851117066 -0.860226817915266 0.770886280422865 1.25001295168758
-1.60438868329952 -0.144266896087277 0.398392711466539 -1.32274163437068 0.314819994778577
1.75200999060630 2.12198147316153 3.18573947266326 1.28713698746341 1.77628905453636
-0.226667054991171 -0.546299108950261 -2.01406109913032 0.372001100043383 -0.124203454740259
1.31753256271926 3.04950501704507 0.608903749808692 0.420512318893173 1.41652875694247
-2.59716589899253 -1.16790464200408 -0.938535232539128 0.416396890252981 -2.08942391922069
-0.977375769807488 -1.94969519884112 0.012338457171037 -0.536777322361434 -2.79078491056180
-1.69870641549689 0.309848070088512 -0.259388281293479 -1.07767543396953 -0.612975800313872
-0.733842124689405 -0.170612795843082 -0.279428401282529 -2.14567172136143 -0.0627752249480789
-1.22769205243847 0.295815912290151 -0.748589173893997 -1.20053410084552 -2.15002920493723
-1.18734579868649 -0.878709210972263 -0.734135653389252 -0.502184527811094 -0.905537193510732
-0.202954013435326 0.192224225879815 -1.21791158706788 -0.503073705291262 -0.592977731954879
-1.70784093776695 -0.91337368251404 -1.19260854627791 0.204007224810686 -1.09736387241444
1.28855627552171 1.44536423940955 2.09623282130161 2.51937368516913 -1.37796102674098
-1.22323121988015 -1.08736077101098 -2.06631221874747 -0.115532602343134 -0.413041905562443
-2.13000035701333 -1.81822790217646 -0.913941226244037 -2.13281310572954 -0.586255350814353
-0.354191758523838 0.527122783364202 2.47540305579729 3.4882747864626 1.66722485235567
1.89135289585169 2.73060379476225 1.42107289015189 0.175900763959667 0.704700620005048
0.437924224184651 -0.0300184474268010 -0.73924526094559 1.11251425141033 0.643264025216405
-0.800226231402723 -2.26874007816274 -0.316758388739495 -0.726532470808557 -1.51660554291447
-1.06909203674724 -1.28728190625019 -0.735774890720825 -2.17446441143417 -0.525236144346944
-2.00092483943273 -0.0920852742506715 0.230980848006149 -1.38584598403699 -0.125310971033151
-0.964303779146834 -3.08398373991057 -0.73312023073792 -1.91765072300516 -2.0755188159468
2.35989945985478 0.803746392677215 2.76183001291892 0.509004776658465 0.804739151324674
0.940536315664795 0.528437483569863 0.440116107860759 1.43447403194955 -0.0381299114700879
1.98920453069201 -0.966649763591894 -0.249576153437549 0.0777639871952277 0.740529214523343
1.28774184895797 -0.727031230352 0.808030216446662 0.548236548912805 2.29425187211280
0.0829176466447588 -0.647672673548519 -1.92335537814664 -1.98326294543181 -1.62775223266002
0.0191650442680316 0.237735094305369 -0.851488769514657 -2.12025543660925 -0.561802332200554
-1.62764032418222 -1.09969673403625 -1.62578298619108 -1.01242773593332 -0.689989517098385
-1.10300425502754 -1.37598213977722 -1.11403919507307 -2.26726041692414 -1.63339301662190
-1.53014159661056 -0.842678819038137 -2.71534882004952 -2.06841585771262 -0.956789754370862
-1.41144710225483 -0.516248943019016 -1.40546363255641 -1.06951083954062 -0.869333053897279
-0.0143674726878957 0.534341058201732 0.753686435287253 -0.18268544681827 0.860334077755115
-1.35566327012158 -0.772194232386208 -1.56134350534193 -1.37123755145984 -1.22824905106461
