-0.251857289537026
-0.875812358862193
-0.658689526982102
0.0689501873168942
0.264406457136231
0.219129024941785
0.488423481294242
-1.22780047854203
0.765518325701991
0.568336611363022
1.74478690811627
0.605157987456943
-0.0742688411652658
0.5172413045452
-0.331071492555130
0.0256603032764404
-1.05110257583472
-0.552166741233175
0.382935315213082
-0.486588423074669
-0.717626452087865
-0.351326603633622
-2.03843118891936
0.659884164280583
-0.76618769611107
-2.28434198440729
0.653383229258477
0.266670699066977
-0.588365339416796
-1.25872278742115
0.830517631845384
-0.00474446130063978
0.673392586425251
0.389159975916109
-1.17660102313622
-1.03276192400002
1.74367170029705
0.383241930788392
-0.138019782122462
-0.9482824083906
1.36812618624766
0.324438301338502
-0.390449736276958
-1.18050192718414
0.727867252158976
0.594682777341272
0.381505128443898
0.894430869708204
-0.115953899537157
1.25610597941839
1.12399157353626
-0.390063967038522
1.70486802257192
-1.43928935286632
-0.871605949292105
-0.57285536404652
1.0663965050467
0.660690445818755
0.0169570154271694
-0.752972654389613
0.0444126601947746
0.403299397438861
0.17814551103147
-1.88789577536414
0.51029793615855
-0.551118384761397
-1.15055359234259
-0.594018599781326
-1.67227691458461
0.398839160738954
0.876620869202146
1.26039033376571
-0.0541251097380093
-1.40858559398491
-0.536655167482392
-1.82846666350579
-0.127872421153506
0.136858355729370
1.07824281780736
0.24163282396774
0.337384915733885
0.795091439628523
0.531077337899855
-0.56551460026367
-0.15823644391524
-0.0857590792628403
1.26652957906081
-0.93082522284488
0.644877329150904
0.387519743647559
-0.221242746598775
0.458140345617215
1.73698588547088
-0.570134218756424
-0.642065612134296
-0.691326222339428
1.23771966727786
0.786691918876803
1.90259061746281
0.835331600475436
-0.217976771978161
-2.6827462981043
1.30951578633526
0.216298164786308
-0.554286694505119
-0.997861783778788
0.0514005189379357
0.0412417796994884
-2.4275421266456
0.436838271265742
-0.356586461228027
0.0454465526658067
-0.0616411284658284
-0.653740900205576
0.200128245261805
-0.525791187779247
1.95178611820903
0.413709297503592
-0.300536901388304
1.52937272193329
0.0570225807146442
0.835972987361903
-0.378518089670434
1.05979883799908
2.22979268521840
0.676828424296922
-0.383472779664948
0.97997585983912
0.219321631247285
-0.169698171794485
-0.173490337035560
0.212367942918014
-0.0706322644181863
-0.0765065458523768
0.831440424037973
-0.0679084079830879
1.28090217191186
0.838773439299263
-0.299535000377037
1.62453756416244
-1.38805611330538
-2.15640978088416
-1.38280288588057
0.692224484617075
2.1919948940355
0.24824803865441
-0.665163089181664
0.723373847440047
-0.360597760852535
0.0486986268595341
-0.61463480358892
-0.523304422768971
0.402901712974275
1.62161641798151
-0.36805731679112
1.07690106310962
0.090946247714879
-0.345597215647102
2.10563942618221
-0.151580606978557
-0.584235639747006
0.127024767512528
-0.94511246737981
-0.865955427136322
0.295339173489314
0.105305269136248
-0.386266694134917
-0.340459600534197
-1.49827920067880
-0.392075482995651
-1.66820406388067
-0.545684202425101
-0.416370919412023
1.11503455359798
-3.15347208610798
-0.607415831968575
-1.00126917776881
-0.539679488223497
-0.811615443041184
-0.152067903282971
1.45435800387083
0.413484814735887
0.00615763062512778
-1.15916082118970
0.444773845779786
0.619511244834388
0.423417306320833
-0.915538099045352
-0.807284023742461
0.418450756709788
0.468709191756762
1.18415337388573
0.321274774279868
0.291958516518946
-1.35460889133806
0.793993466799844
-0.462507175109107
0.063869170750483
-1.16758818269878
-1.12049481065442
1.27081886085651
-1.32355081822064
0.165271429983122
0.242114843569671
0.427325010324862
1.4439982007068
-1.02478948235149
0.954904931676502
-1.39857443085779
0.0720169245242262
1.31039558440461
-0.0464761780418522
-0.981892749826167
0.679839785791716
-0.71869734995328
1.70616737286579
0.200597386484644
0.396370974759174
-1.47517349297474
-0.86864384391581
1.21744360822112
1.16212304920338
-0.866401758916217
-0.36926895195377
-0.98009066862493
0.355513075046226
0.995492957037474
1.34258002157538
2.5126623223099
0.0410389747387499
-0.354233211287225
0.574005185708154
1.11118123524613
0.531368043145766
0.149844656858502
1.15959800267173
-0.912695481006241
0.992029473722507
-0.552762163890963
-0.477952525972889
0.18570618854695
0.557641086841056
0.949864132262755
0.0185544807964065
0.0301273476003112
1.64489721747433
-0.405281966600998
-0.0921048526381194
1.14043776990177
-0.641100971303698
0.329927871272067
-0.21347708733944
0.731190641996075
-0.418978958978662
-0.276951933813029
0.414304715404512
-0.127862314022832
0.0225306326024107
-1.39026496728544
0.250526285406137
-0.365819043294819
0.296412066980096
-0.495554273542709
-0.337401981871849
-0.907309549386856
-1.03027509865339
-0.334115694246223
-0.594543832589506
0.121477065555032
-1.20813453665493
0.350538006937764
0.149100815869034
1.56142260655276
-0.133501588543803
0.598184027816097
0.259859175596372
-0.258309143332691
0.525612797382065
-0.135319702119857
-1.21442736052813
0.886034728138714
-1.55626845345963
-1.07629353542924
0.479861724577119
1.28674620770345
1.34058625733169
-1.07588577772348
2.04947100750335
1.56627922944626
3.02220647562948
-1.12118635550258
0.384320340354394
1.71141187653152
1.77376881925317
-0.936025719421578
0.330743917126049
0.951826623847475
0.213618611965654
-0.314863972294212
-0.554057761514367
0.783800402807679
0.795472836208131
0.150636886313106
0.672573859855063
-1.32773190047833
0.237443900677758
-0.0733027967306079
1.13879357177305
-0.18988744704559
-1.92180006687426
-0.178506328267477
-1.77532700764132
0.910786706467243
-1.71488548047812
1.81776812971217
0.07140976029238
2.01287306817135
-0.9334383676204
-0.452868941273724
-0.428155494055732
0.360610028602019
-1.03724962277346
0.815937328177013
1.21939337071721
-0.420815164729904
0.419817656206291
-1.33712859601169
-1.47558664925416
-0.949271022789499
-0.798952747541179
0.704491820248243
1.28814220391330
1.27484269797664
-0.811275707254801
0.758927548241616
-0.707025239226435
-0.253340088990591
0.243099496910661
1.45355527092308
-1.19576907158142
-0.12283492606465
1.08056684700582
-0.288103541823790
-2.78196241300709
1.04546779367445
1.01962329388499
0.471015112194747
0.448636842348965
-1.17436679306568
0.195867516779635
-0.571041971842385
-0.13182392770017
-0.217980861812442
0.613679843574654
-1.19587314594509
0.546721515545116
-0.235644160261566
-0.247882413107545
-1.37434528334202
0.911499350572813
1.12102578955400
0.362378572545875
-1.07278226699207
0.52011543198994
-0.211524870458546
0.853706073120867
1.66599560837522
-0.929120901052646
-0.112726400454939
-2.40285819043137
3.37415498366548
0.212296172362185
0.528013253848613
0.301975991988152
-0.396481783959647
0.92503108280549
-1.01805610604790
-0.771426275066848
1.91283534969488
-0.98336873017072
1.10689962263241
1.10196204302399
-1.12007812366939
1.13903491277044
1.13272179258575
-0.592721832619207
-0.0219770990642037
-1.05276989748115
0.695098650678567
0.165632313763611
0.930714672750915
0.230971592822435
-0.876140186622953
0.190646010872955
-1.67614069072883
-0.568946392703505
-0.0768697331233652
0.150327714857904
-0.189513564808366
0.679781328632813
0.583699768647863
1.11151262651880
1.48128742888158
-0.971400357316517
1.54714553646730
1.75190941064859
-0.364310429105925
1.55711181898594
-0.322341826042462
-0.386644422874921
1.01052007038147
0.0263753848849085
1.25420938271882
-0.440164527464446
-0.285589611718033
-1.81749340466555
0.920616803762283
0.959217033571808
0.0247172128410028
0.884774742063266
0.163970681907338
1.68357971291241
-3.69033387678967
0.482670371889941
-0.191396402789633
-0.141006526097175
1.21909732686957
0.88085440664094
-1.3874033186414
-0.298864853431745
-1.27530946995230
-2.11205898806622
-0.084871912204623
-0.384122445892892
-0.159929222700055
0.0408096856948351
0.718560152698176
2.21981930686119
-0.759403280565084
1.85709033937363
-0.140552943482171
0.620943555638138
0.115328318133584
-0.587365581976399
-0.57105244499726
-0.975594947048026
0.208735369488577
0.49032996599756
-0.0993840089986692
-1.67108551475743
0.319776209533047
0.911860607556079
-1.36596855442798
1.28230391483742
0.377045494256687
0.466604871446241
0.447026059655168
0.0965857690665285
-0.441234296013352
-1.09660055437008
1.29304902627220
0.736605964785487
-1.33606553168655
-0.494686626256276
-0.748098083727898
0.560333224995695
1.11562450796615
1.00153293213471
-0.963178401849965
-1.89303390454311
1.26101278807418
0.485361029416548
0.290649562630124
0.729666214493254
0.431968512432369
0.302332845526194
0.326548032188355
-0.425171475539798
0.555842677585478
0.256648636855655
-0.239361948915248
-0.639556874730408
-0.647607879076273
-1.68358293737624
-0.941062523523288
0.971309964550947
2.28826964152681
-1.06355989913091
-0.168256656607561
0.776444945074485
-0.274677667623773
0.128645940967602
-1.38991659348648
-0.166436574047024
1.48749865882548
0.933064770664973
1.61886182819361
-1.08724177677173
0.785852406842915
-0.053993566645484
0.382013533924708
-0.636829716304767
-0.737989763670604
1.78325011607900
1.31648408290704
0.97759329951379
-0.489366998766449
-1.08923687566726
0.133158500288710
-0.336809394815744
0.348341128844704
1.22060964598293
-0.164154461044381
-0.545388336246517
0.740039265993393
0.22424522417537
-0.841283261041282
0.459500781585729
-0.879310469921033
0.251551848857580
0.521542924392273
-0.539682981659211
-0.273655019866131
1.11452920817816
-0.0953443792446194
0.643276284995321
0.358842075830487
-1.05914505122570
-0.47676232500286
0.0272976341358065
0.270632810962549
-0.935630880734154
-1.09426107806726
0.367079785070684
0.215680079914267
1.25795499468066
-1.10361798753988
0.430488145578096
-1.74905719644292
-0.83363903238369
0.198782218673870
3.39623466271602
0.784538309238286
0.0782839181578774
-0.645546316648447
-0.0146419930563880
1.48158330680714
-1.08411668266592
-0.613030963426497
0.329676673972388
-0.864012162237057
1.00702183899140
-0.0692181563251161
0.0579976051947284
-0.636879681372987
-0.657174148892706
-0.879635030191454
0.30192687049351
-1.42329388772348
-0.739448075169038
-0.694556268076995
-0.111025479336582
0.592944666097158
2.09435068676419
-0.732288874460644
-1.05250844089643
-0.20838243218066
-0.742418459357506
-0.582201138700533
0.086274288569652
2.05714827410366
0.162240214430820
0.89405028804835
0.0992254716462276
0.624803095038826
-0.184382544965208
-0.98223619981605
1.46164972349197
1.01290819898981
-0.971381179202164
-0.950452238960754
2.26209549048293
0.344182602777902
-0.584475164953262
2.97268336123814
0.156528075277804
0.524091995869704
1.43656332047559
-1.99770452435883
0.107355691435820
1.25153817168407
-0.278523543207078
0.262586188377342
-1.08914352136219
-1.62530675602507
-0.268601121300120
0.285925416504439
-1.79469608110000
0.641856806835842
1.1538156768152
-0.725571055852591
-1.4387994064729
0.0474108538772213
1.65291496130853
2.27410462597212
1.34320652817126
-0.671854122336433
-1.14381084342711
-0.499680564823172
1.38935281430431
1.17881234150089
-0.879109905045523
-0.819319489398163
1.41137806355034
0.411414044791603
-0.265262215701201
0.425928818395815
1.03156633205614
0.389868542029447
-0.494819767638407
1.19103967753856
0.250347267140706
-0.667803387540708
1.2653503060874
0.313320699370848
-0.607324761140998
-0.675238182555465
-0.294445859539374
-1.74793035976905
0.502816162780165
-0.569867324729495
1.48773325991264
1.19811405614388
0.648606133193721
0.181096591524513
-0.6600920330196
0.923488005093176
-0.103296452031172
-0.598304156214268
1.22935613693949
-0.987203543371517
1.55535727059077
1.22568803468050
0.105470884104786
-0.260893090987555
1.53261969643176
-2.28991941486464
-0.162243140703976
-0.135525139323322
1.04956511486983
0.318069809079116
1.91842562108896
-0.393233369271735
0.604242195343438
-1.13165275842337
0.0133050831111852
-0.764813041971499
-0.642872399725817
-1.75079903225565
-0.616491390748099
0.79839985876254
-0.156202335760421
-1.01432267081116
0.222806901078365
-1.77873353411784
0.00594411309205817
-0.352595059182087
-1.1834352181571
-1.43815851398099
-0.94559349817356
-0.318066272044835
0.0239549723317133
0.870531041168012
1.35859004714050
0.750759500653795
2.04918866455881
-0.241971357797787
-0.428640147999939
0.148196781332776
-1.23544335903829
-0.000747736713321856
0.98533902895173
-0.820973892190166
0.281513498374189
2.90357403518311
-1.16868005089584
-0.842040709384472
0.0462888423916228
-1.52031538864237
0.00566820928088975
1.17965221474978
-0.241463355758492
-1.20466706160003
0.927040242331428
1.98347225019614
-1.12017556589415
-0.450512203058875
-0.379544663885105
-0.421733996309844
-0.147309413862448
1.22275627445936
0.0985765477467883
-0.6127556618743
-0.209333668658517
0.290786151463674
-1.18774887779888
1.29411567858951
0.635370118236935
0.828204306029416
1.19711949523027
-2.04252934503830
-0.303541995493751
-1.32859880305228
-0.619785338037261
-1.01637975682422
-0.755813143209004
1.74968793944905
-0.691784224799859
-0.857528088867678
1.58089552348483
1.56729208672218
0.173316639932151
1.12530371782086
1.24932392717865
-1.90939133988717
0.182115800286127
1.33235949704886
1.18643726454508
-0.273873557293537
0.640799145246187
0.644819478560093
1.14509364631549
0.0876458160468698
1.53863946079068
0.882242379065572
1.17525272936228
1.31632193529674
0.764712214189564
0.412270015605726
1.16737894393143
-2.2258250357485
0.814680390354503
-0.062683024169365
0.923716923479639
0.801067717904048
-1.19194033240971
-0.00101100312920586
-0.505958148621972
0.258140526803413
-1.83087447229847
0.813286365400593
0.294074508151778
-1.22739193888229
0.752948197635378
1.75599867879327
-1.00673541334213
-0.149963151801750
0.214576570825479
-0.421428454944699
2.00635339923050
0.72051932068526
-1.42973426035597
0.17486159884046
1.70858763961590
-1.79573277595914
-1.12237473411597
-0.286467098987194
0.161676062953888
0.583822904205573
0.433933502532189
1.22613217505516
-0.590037966065634
-0.074582652029874
0.457755271219988
-0.452174892855786
2.10277644859624
0.489383919918691
-0.492311684424331
-0.553152731054104
-1.25865501531312
1.65196903587225
1.28138167160882
0.266518364746427
-0.522473254735679
-0.546342462054394
-0.850527115335182
1.14821838535784
0.942400187663209
-0.687151434869646
-0.350108523864206
0.0864013628064443
1.31087379356217
-1.46385437943630
-0.704004275516494
0.542539437502149
0.697184870082914
0.999439560985024
0.413222653095738
0.722700627632298
-1.14765379255866
-1.47596791478536
1.66740973132238
-1.52449616772463
0.645827294290134
-0.617578865214557
-1.14161217168181
0.507869326963065
0.904190884193456
-0.292148853372637
-0.124914748888169
-0.935318935730359
-0.276511737095046
-0.706273803405347
0.766116334887132
0.812075551580683
0.868506936384406
0.314255712772904
0.739216542034932
-0.305331218763367
0.00952793359669441
-1.33878081978051
-1.34021930881233
1.53741251605391
-0.887778339889602
-1.66001881883998
-0.355091112703897
-1.69707125531944
-0.166213964829994
-0.211004339196609
2.36521500502365
-1.54668919412076
-1.82844507559937
-0.162929935690614
-0.831527598679814
0.260564991224521
-0.297855910036522
0.502530126800708
-0.134723491044669
0.895666310300428
-0.608938971048649
-0.179715341397317
0.956551229139851
0.679558237557919
-0.0729644039449188
0.568027802194846
0.094189676793037
0.585954139741561
-1.68279288262446
-1.81876517970128
1.00857624041937
-0.225516358973099
-0.122784539550588
0.813566264078319
2.05222345983953
1.32971261512909
1.80955324011573
1.77726077889848
-0.706878453781619
-0.367604542060267
-0.275042682082011
0.993738278487082
0.183627304825462
1.17473274098593
-0.888895285141719
1.47905180950522
1.70065447447275
-1.35834443535394
-0.136706903096435
-1.54920946823351
-0.874440171290773
-0.618414380347932
-0.0577207464624934
0.202424649256612
-0.642260123849356
-1.74092645258848
0.743131233077773
-0.472829735710466
0.307561134559767
-0.178076920590093
-0.210297432633387
1.08500169046893
-0.547238406089965
0.589400521785075
-0.919929829987297
-0.956206720491584
1.53430105468738
-0.440429914801994
0.966841451464106
1.21957826924658
0.29700781996673
-0.084716556709826
0.202048112866433
-0.78032950932615
-0.444061861325257
0.311175877382906
0.0698338073447997
-0.746271729758586
-0.213260923993314
0.812339258765426
0.891797914798748
0.287171262385751
-0.830848995677014
1.01518919634342
-0.715391720621887
1.2934807468997
-0.323677957886179
1.24717277377246
-0.374674999629698
-0.5003508771718
0.718870813031581
0.474654125430476
-0.375964523375908
-0.742865613829327
0.749754051258824
-0.707602957299324
-0.395821207625531
-0.386848797969094
-1.57808023377368
2.11293719690423
0.348567770441818
-0.832878709827917
-1.34859070761553
0.258668880110937
1.60537391395422
1.11631887026850
-1.68680089715225
0.994826953153212
2.24825341191766
0.383275948240856
0.274701937775864
-0.379609733720902
0.164024859781508
0.122120377512063
-0.889520197272389
-0.744811998256078
-0.404764249532463
-0.460832865663129
0.758106582235562
0.463039351376842
-0.188101093334461
-0.508962077255135
0.783341654430785
-1.63485524492515
-0.369678678750815
-0.775915709468964
0.449627609488058
0.0758346567199332
1.84442034243130
1.59675812048307
-0.519155387985366
1.27113284518843
-1.97458796913863
-1.56831425030316
-0.599161084001275
-0.682407803515463
0.952230712179834
0.045028636293216
0.845216118382578
-0.603050426556803
-0.84698190033547
-0.948742216587108
1.32925893470924
2.88253721320983
0.646157165713287
1.61312115026198
1.05846267065675
-0.314546249927477
-1.56540780073804
-0.566353294974906
-0.0207251229438432
-1.81694970647654
0.302827149110849
0.0531110657539725
0.0288384319654944
-2.52233413779564
-0.152947876170099
-0.737275860028562
0.535011083295942
0.247910041773623
0.79666965017477
-1.49853062071744
-0.193945529006936
-1.49879029128488
-1.19058401081662
-0.85813992569806
2.07005368876191
0.51391838836812
0.740200368457538
-0.7247035595393
-1.27737467609895
0.344022738084673
0.819369861850338
-0.177792550032662
1.16354222595925
0.827746532396208
-1.02355941956637
0.278481873082758
0.44525187989501
-0.149822429673355
-0.613867125997399
0.0807927748026557
0.488375972660499
1.98818724084756
0.124757778306894
0.705294455822983
-0.643631157376635
0.917646312189246
-0.095561921013912
-1.28180789576372
-0.184752201766631
0.303480599695367
-0.581615608242966
-0.0597886030986337
0.179320406023873
0.395079702887044
-1.54919717744407
-1.34930711379877
0.535321048628943
0.103480767313556
-1.32577738623884
-0.0196447886742925
-0.249117909495368
-1.63500603883536
-0.955263145224452
-0.759621639976246
0.239541183856723
1.23692858714456
-0.662601190154521
0.280339855895364
-0.213853803996490
-0.425998686901758
-0.46741835363549
2.15440320221835
0.981234196587413
0.75857022887787
-0.497475648580577
0.529347948282435
0.228768624550468
-1.70050150334012
-1.78005778154372
-1.40277140832642
1.06914543088057
-2.08404174069112
0.236192814352794
-0.567297900275335
-1.82957342803783
1.41018459890153
0.315992664428435
0.855126976938672
0.00737035378519229
0.52142153869337
0.902843463173048
0.638643623863796
-2.03025781906052
0.255793378340870
0.524391476422456
-0.230200597143507
-0.936847609509419
0.286795667725249
0.118359447614579
-0.0141983881945766
-0.649076396975912
0.370461352575998
2.17713438761016
0.749985031234732
0.303357625134819
-0.335230026941681
0.576929105811362
-0.266753903709565
0.567850962531389
0.790940893528877
-1.59487475481854
-0.98391028300051
0.0634598856921986
-1.69850581157668
0.663218656921024
0.404026112063472
1.01752368186913
1.13322885424753
1.97684819826875
2.3476240799530
-1.13320242848696
-1.60228137626723
1.12877702326936
-1.47514137145116
1.07556631351188
0.409717276404049
0.723588647542934
-0.242311739485351
0.451370482981392
-0.138918250573478
1.38570194061673
-1.65496048006793
-0.531199432814998
-1.33268268867367
0.805532827375626
-0.642493523557193
-0.00364841401412290
-0.217416151517112
-0.0755498545746779
0.717370604208801
1.11811954377639
-0.609907923837852
3.64680629370833
1.31936002637979
-0.052067946462328
0.591205322901641
0.290192814981746
0.222102952168117
-0.665182803782387
-0.108709379891192
-2.17622531912377
0.197241856575991
-0.263814453665167
0.60963160087373
0.0234023164798026
-1.33739450123851
-1.01331603155825
-1.16468273260427
0.898775891564763
0.130884628566332
0.846283598726235
1.84693657547184
1.03194466527537
-1.73804801652818
-1.02822419499990
0.621460017862389
0.0186927396386804
0.281921293090397
0.0176968868877921
-1.40570776560412
-0.633096404549742
0.219022350932354
-1.08604795248809
0.360895219318456
-0.628124503909583
0.350162687158374
-0.519536048065351
1.71198070191693
-0.865891118551304
0.96233479958011
1.98261750879979
-0.737481225860019
-0.73494337145266
3.15358959635980
1.22405161237375
-0.512980988133579
0.904480099096583
0.381576417825267
0.309218815254683
0.348675731628323
-1.92955356573628
0.485963115764668
0.63814343130416
0.141373761110848
1.48786413860589
0.0375399584495161
-0.445159162213577
-0.435967529069478
0.617613820735631
1.52273186322718
-0.270168941594477
2.89567841073454
0.880862369999982
0.299274530311685
1.01077013776075
0.0849510654314356
-0.366298738587062
-0.231085692562283
-0.0936845874626213
1.32747706722089
0.604012805422547
0.667676643151906
-1.50560790048094
-1.13583304330491
1.68555190519543
-1.01626641974397
0.214624289507609
-0.375166153047951
0.126759009863245
-0.852310670485907
2.45436209522348
-0.398368958298057
0.00397065462228613
0.764042105729615
1.69109728246689
-0.864824180947828
0.142985614905479
0.805039300952733
-0.332788491935927
0.362847613176424
-1.51572217749964
-1.50333471513151
0.745037211070208
0.592294303904431
0.490206446282985
1.84614312593922
-1.21565729770042
-0.105717013143992
0.212938801893012
0.182253315119762
-1.02739287245983
0.583408167961825
-0.543593537058991
1.17666381204942
0.0563607255999011
-2.39564374148344
-0.733632224020467
1.30092623128045
-1.14632973308801
1.46469866986789
-0.301785325148798
-2.16227236744273
1.42957523902527
-0.242939030088671
1.07255833294485
-2.69030108542689
0.524576797604134
-0.509108773108647
1.52319397021625
-0.983043847539516
0.334707657929748
-1.34908245495468
0.533082238322434
0.739997959698723
0.453021468666687
0.362471729006904
0.0898304845128994
0.936800014915126
-0.7613184233262
0.118104524130971
1.17856069756688
-1.8532720962392
-1.57174147593396
1.20596927908443
-1.33346920032289
-1.69421098005311
-1.05580173298523
-0.866323629281978
0.476282097053297
-2.04402048944137
1.03266347053514
-2.56709621496572
0.378221338865916
0.970165472539083
-0.720605455556293
0.314049057802982
0.884721546012182
0.73177051107769
0.994622777702257
-1.19111493733287
1.99822025217793
-1.54849227267528
-1.16129486024692
-1.08343598730135
-0.221267807350148
0.816800005059147
-0.906163357769237
0.443752782490081
1.10050750487514
-0.919202908992605
-0.377638130653707
1.57915225727198
0.265125970021207
-0.81057355063274
-0.338015652857740
0.466683770660731
-0.392021524056684
0.808241102371534
0.984493742002477
0.666850525207481
-1.53260629998889
-1.41622022032620
-0.623978884819819
-0.798485467134765
-0.170899527593604
1.02687963822048
-1.06320273844252
1.55692186511739
-0.718826545750625
0.0651791886159973
-0.140755653790075
-0.819248937087612
0.440788585446777
0.274577281555016
-0.0320768351787196
-0.898031837800195
0.131948977696044
-0.724076302293728
-0.526272311514803
1.02959893578623
0.899187342648918
-0.763900686889126
2.36607205643404
0.0293927918862059
-1.18665489034645
-0.317684808750749
0.443410552468351
0.949389552013813
-0.815685680711862
1.22925487491566
0.0344950984562824
0.920600245086734
0.0652313224677629
1.44053039965200
0.196613705182782
0.5292120635542
-1.32809824760360
-0.528191032122832
1.64966325277330
0.298028974752195
0.171841540758994
-1.55790061331872
0.387157724562897
0.671432103589646
-0.0756880292291028
-0.0739193793322679
-1.58062140190196
1.24100467647808
0.973853768002276
0.666765856354536
0.290191814103864
-1.58471098156543
-0.00968662662844426
0.452452169659231
-1.13077886724755
1.20944468111575
-0.364522131725502
-0.0957283594994622
-1.88254299427439
-0.810095075974838
-0.527493134770030
-0.974120297745313
-1.78503156530815
-0.632322815805695
0.260168545635574
0.107527837952170
3.02394634333289
-0.0217045496541214
0.214436500860304
-0.429795557048184
0.593795672895747
-1.63250589335598
-1.53683851156340
0.497296498695242
-1.23182280915315
0.372845446168875
-0.232584941972426
0.432239713867004
0.500185918721046
0.603091481095135
0.996072436210792
-0.769640418447332
-0.0610670120297456
-0.205200002876065
0.405160937727524
-0.257401358566298
0.130599501212051
-0.571810044943422
-0.525540539203107
1.62471434691111
-0.326681732230347
-0.170229325746251
0.305647183939484
0.237901765779482
-0.0290970276775213
0.847954309716082
0.52402019846431
-1.17171299259814
-0.334925876625134
-1.80061382537306
-0.763089460451788
0.62674744947693
0.707837891358177
2.41222419906765
0.187687607149585
0.80292160652866
-1.84024441952149
-0.155630174164032
1.10736842998026
-0.645952148592977
0.450601771926206
-0.599530607026663
-0.113418192257147
0.137543428064050
-0.583877302158234
-0.504194606581494
1.97202663223597
-1.84998805719692
-0.124609351387429
-1.21814730523649
-1.84616264608488
-1.90342077385663
0.88738132063183
1.43179067182564
1.48822197610933
0.173450504922140
-0.73244646496403
-1.06414854158356
-0.474209835964706
-0.438133589980366
0.079072324785073
-0.620832119616062
0.890916373181777
1.08053348248905
-1.05145531413545
-1.77254459714953
-1.10146541620438
-1.01203674889230
0.726803980365985
1.11964074314532
1.21643550038040
1.32264546011632
1.5594336417118
-2.05958161793622
-0.500990419270338
-1.11315408011690
-0.40503812495702
1.48899716812447
-0.05386602871281
-1.35288195012161
0.341582636239412
0.706905453869943
1.35464794321831
-1.26739572867516
1.00323680460322
-0.166179536404256
-0.612590889556097
-0.536786834644273
-1.23435923034945
0.550888923999087
0.0111278731030721
-1.19046372259360
-2.43633439256726
-0.657378123610463
0.481161443928251
1.27268098768041
0.522349395058341
0.79793111289414
1.45773856928338
0.359958364151038
-0.955768866300367
0.921049456238713
-0.44100812233486
1.95592202754710
0.689149952726886
-0.201394463132781
-0.00945725003138414
0.288725353938099
-0.92876578812887
-0.547934317886723
0.863119258004854
0.524444872533357
0.334026916299189
0.945988399915471
-0.670987502149082
1.30190701691160
1.22902391278421
0.90443864063277
-0.581337294219401
-0.28538539552852
-0.740223459083768
-1.61390798488417
0.892759953328823
0.682893933828446
1.48891236346485
1.93186188852542
-0.666345774748664
0.613700639999763
0.416394318833336
0.396463057968713
-0.545261838564141
-0.936794160509085
-1.12421501275907
-0.665477969426025
0.816797994551246
-1.67431464196504
-0.306490174888649
-0.18765970611336
0.155801496679565
1.40637567947753
0.980108693330817
-0.0142114028521007
0.656890513278718
0.589203806407605
0.877264477430268
2.41083238866598
0.271432984822279
-0.292186373118266
-1.40840668086253
1.25765697976214
-1.07575890646598
1.77050449191268
1.08770764570894
1.35150910866589
0.250998722674833
0.0480318701023466
-1.03735920289627
-0.411283883881126
1.83691008352580
0.208479665978904
-0.445822800102030
-1.43988393710072
-0.179089957123449
0.08463978726426
-0.93575265540267
1.50797140100092
-1.34574785675819
0.801690291978596
-0.502045881561586
-0.666651392109751
0.287209691833174
0.434202117231691
0.462339462302691
-0.834349860631282
0.645097049937581
-0.858593908008312
-0.864986664896058
0.145012502628734
1.55831026990135
1.74293575007915
-0.232452448989026
-1.20052455725826
0.257536677499126
-0.175828840091256
0.407353498007944
0.45003723835324
0.438347375540842
-0.0258712139469710
2.44345955230800
-0.347232203432187
0.883468107770462
1.49994986729076
-1.2689660536335
-0.66438830030008
0.840963675955282
0.421377635590437
-1.04956914648009
0.952413316730208
0.169259186016331
-0.027856211302037
-1.43344699217846
0.521133086728395
-0.00554884499219955
-1.70844195800127
0.297655679473779
0.231411053541042
0.203821997937440
1.65791133889524
-1.21798801683153
-1.07484359797147
0.205944734373231
-0.796192215063074
0.252280189406639
0.0637781883727007
0.395174332408605
-0.292159303512636
-0.436807448172031
-0.727602662226771
-0.260760433294025
-1.40903034687403
0.64675241447047
-2.03925050340832
-0.556617918876693
-0.162239379991073
0.342780870764869
-0.344171607043595
0.880257738265554
-0.00169611103342710
-0.216519624199821
-0.71534948443537
-1.47132866774837
1.26920956637806
0.0930370974046022
-0.62986161792298
-0.517885902278803
1.40388520938929
1.18491751969687
0.306772806343409
-1.11808397344077
-0.141499826988142
0.288956087995336
0.597648836547571
-0.37597480489256
0.616614789817083
-1.54383707629228
0.849912623363396
-0.744955661273466
-0.651098044495226
1.20602251810850
0.0579141192819608
-0.00650215188174183
-0.0804063776061907
-0.572930328833221
-0.687165517920002
0.656594820376765
0.969480916835434
-0.572640672782706
0.244433099110741
-0.516720666482503
-0.414415526625302
-0.934328296735362
-1.15363908692123
1.79294934880235
-1.26766156187824
0.288588547231774
-0.53729112488682
1.23015119290055
0.54542907883788
-2.43903922683573
0.390037944555303
-0.458453932725470
-0.688208943030071
-0.270583330724336
-0.48764383272008
-0.670527855187813
0.99702679551828
-0.926014379947299
-1.97462033569874
0.289079703944272
0.714320802806267
-1.78058368806174
-0.984985449564305
-1.35340493220841
-0.933526203780953
-1.51590688527457
0.483536687411174
0.124964707613613
1.37810814532232
-0.321875914136684
0.969183636846678
0.484650804483736
-1.97155587633145
0.872821544176679
-0.532170948009228
-0.342003260870459
0.733271228553224
-1.56048890202948
1.19614075546953
-1.98326272337751
2.71377724368115
-0.369936649393407
1.09759622059436
-1.29767403765127
1.25190065694935
-0.27156029388469
-0.244352395908336
1.22395805466134
-0.837837424205872
-1.01744876845436
0.450530162046769
-0.526729069020956
-0.42699218107167
-0.136164414039909
-0.848884869491432
0.244913404723036
-1.26127929612712
-0.290088409277182
-1.70283248148568
0.729487948604769
0.233617180227731
0.0602952290226566
1.06918304630129
2.44556994264296
1.37774821382938
-0.201427715344020
-0.646628819276811
1.09543762983730
-0.393671438070531
1.16629390417278
-0.420285467877094
-0.0447478934891661
0.51532825111744
-0.923434543429541
-1.54097694131002
0.931271689486498
0.751483086395089
0.861885563229415
1.29447929145308
0.356681226395505
0.744250396328862
1.07335836261631
0.3281770461289
-0.444337736700348
1.32688939019526
1.39210202667677
-2.08614870251166
2.27040184206395
1.95392304409265
0.0118005789139865
0.129237176868664
0.455103866960925
0.657274315438029
-1.51131404401252
0.254459827202942
-0.299678898856943
0.970235130712534
-0.591045592071165
0.253743091353675
0.866798778162081
0.982624497846243
-0.819110833190686
-0.787879336433531
0.171427905089030
-1.77231263710675
0.418947815518104
-0.688618519715952
-1.12857588492943
-0.674614250809627
1.96023456330257
-0.53162673761227
-0.555659538040628
0.146737761993424
-0.598344244890606
0.225123150441077
-1.54595211545798
0.362602035363535
-0.53646160823388
-2.72165995072606
0.967999493624374
-1.65986431662814
0.00775422848484348
-0.2227962463099
0.331852559752992
-0.664233676579387
-0.826473899927148
0.644256255181698
0.215436285734942
1.05195920077188
1.38613657184331
-0.386253463469016
0.955965600603734
-0.305391618163964
-0.947419617022476
-0.983049710151634
1.89306808383775
-1.40063104672245
0.110824021170461
0.65784145210627
-0.496094580952943
-0.531892438192099
0.148969152127828
0.222526470706865
0.0788412527988666
0.00283470929558451
-1.56426202348623
-1.16373664172293
0.49654372792712
-1.40819486636797
0.53655324282234
0.442847201044872
-0.240180039803185
1.92022559567633
-1.84934219070647
-1.00269791461957
-0.65701726608617
0.453978193834909
0.452373583666931
2.21574381465796
0.836699514879333
-0.641568709212132
0.149395327838825
0.317157536603465
-0.293540322562161
-1.71867633810067
0.217725680976689
0.090659129281365
0.235183668002827
-0.122894784133032
-0.418075034064785
2.0647363601157
0.489998147430982
1.08550629553115
-0.838095849634088
0.674037481093067
-0.468441605070651
-0.203968454118396
0.054106583825575
0.426358740902888
-0.9489172330547
-0.204882050555592
0.395795002566627
-0.573764545197754
-0.266128961382318
0.356188775478215
-0.612027789822855
-0.289104294500875
-0.371716932128618
0.0100744937833784
-0.222437527996163
-1.63851174703535
0.631915172468552
0.138460137144236
0.210106242170957
2.35193929992767
0.0636639974549075
-1.20877817339307
-0.288282679915892
0.818169871168013
0.0760619443001978
-1.77451623130365
0.296188943102305
-0.416030933633791
-0.644792968600789
0.561343175827316
-0.67456018660417
0.069654028628131
-0.377077868159367
0.0557426425416453
1.53109955111192
-0.768471815174981
-0.187313867360054
2.48332284122461
-0.213391774809142
2.02863266572425
0.924744096869067
-0.73338359780459
0.0683888948607724
0.00579231347019022
-0.467001198063891
0.206871469134824
-1.93716471040614
-1.36990025299237
0.461701424353246
1.08832099866904
0.123960184480705
-0.380176355100887
-2.25899918393207
-1.03866430094142
-0.150959322073333
-1.29419183664437
-0.746477478636182
-0.653458831371502
-0.308349739213515
0.346600804398652
-1.60699958694017
0.482300481223223
0.595975128707309
0.521370504410648
0.84321694309648
-1.78152966415929
-0.74162031031107
-0.243292304400381
-0.281062420617862
0.96551548092409
0.131258032606113
0.264264336279016
1.73839489840237
0.864503901651518
1.53256135236601
0.163634392889875
1.39341371742083
1.65238465023061
0.229654881879779
-0.912574695978162
-2.61682784683408
-0.0800600856326133
-0.543633502547965
-1.48160643157875
1.13719230022587
2.69505534796125
-0.0671594136660308
0.158032181107801
-1.19022601408918
0.651623955536964
-0.620797146328318
1.5532208885368
0.837720699009812
1.25844053541893
0.611814655466132
-0.594131930767901
0.966726227197505
2.38170860373133
0.259596950216479
-0.960487345216203
-1.16897623150684
-0.419364428746095
1.53978972019985
-1.67045370172194
0.288765322843018
-0.60578136790747
-0.555767488560722
0.534646475580853
0.333324613961556
0.540549427678822
0.317441574526519
-1.55109792696384
1.87309921031071
0.933946441890864
-0.412594994750059
0.249090357894338
0.446402035635259
-0.881421336555814
-0.410298351484488
0.648699044399193
1.01867763534174
-0.110763380092444
-1.45966931543218
-0.291452346392225
-2.29739933808485
0.279698972414351
0.330840695763082
1.48629858393450
-0.834237861244276
-0.254988164295715
-0.509635680773882
-0.96359810658304
-0.27094477506015
-1.30453058365280
-0.108380478213351
-0.106732838260972
0.694796326633706
-0.196760862433857
-0.309860317747172
0.413505658961605
-2.20020025563350
0.565007127155709
1.28334593045963
1.81436288987534
0.517889920543851
0.808026278204335
0.298872679368618
1.53840740177642
-1.85583480101440
1.27757447696994
0.264178485547415
-1.50610272479731
0.852113957933526
1.40478817078720
-1.14430468749127
-0.585940093592868
-0.530240850357965
-0.489753471401829
-0.96677957125009
1.23820770841188
0.473059287017917
-1.33974824932444
1.13152694465309
0.964661355025793
0.158613288830713
-0.398139743612114
1.35459464357324
0.732414754648926
0.480206189562091
0.0409687788098836
0.149168301567183
-0.405867116023197
1.66814029261549
0.750029523350453
-0.87806848020298
-0.896723906293447
0.167514999304328
1.69130271500648
-1.63341996859083
0.525724540564594
-0.0296232118803730
-0.0598613343253838
2.44559893728125
-0.200469725787033
1.14265090338094
0.0389136300591462
0.840264410411593
1.65397707393255
-0.409695489828929
0.0479978738920545
-0.940127986538523
0.958732281169838
-0.62589146333838
1.11640115657448
0.432292567337707
0.600703242611504
0.219130050254622
-2.29053455988433
1.22010635618634
0.052576237916215
0.968990699444678
-0.114342541581973
-0.95489274189328
-0.00395443129950536
-0.158219348962732
-1.89607156343582
-2.11607657942408
1.42057197922159
-1.86525460786445
-1.03731263285318
-1.03271886408381
-1.82284810105583
-0.604650274328097
-0.136495884470475
1.03804995827641
-1.35366565748189
1.6115228857287
-1.18943631832903
1.15102690714596
-1.09520845808958
1.55047820342014
2.03137551235698
1.48772378890167
1.56140283193053
-1.11960969953994
