1.20317042539682
-0.62931835569044
-0.331231967112556
1.27418065739128
2.14634945984438
0.915162076153477
-1.51296014528030
-0.854274793942407
1.78254594336058
1.26453807560124
-1.13562478302720
-1.28037054020637
-0.836010591756801
0.40122431325745
2.13416576883945
-0.108011618098306
0.596199665732232
-0.973698411205693
-0.179945115331629
0.282443679910128
-0.169452276405164
-0.692063491907557
-0.69730021694678
-0.418483720891825
-0.176704635436066
-2.58816656572235
-0.156624549488693
-1.19773722461125
-1.02462471725661
-0.361310983211177
0.670031064968352
-0.229890292727415
-0.666803727348497
-0.219784986170151
1.11780955378349
1.80994527228641
0.521417078984867
-0.738072844816391
-0.552775808709669
0.361966136235026
-2.42653853380774
-1.08749449454496
-0.436927720676912
1.58392665127664
-0.864175805003543
-0.416384085425461
-0.446864854326792
-1.42866127271471
-2.12464468966513
0.480010173748803
0.636826240526284
1.88983822939559
0.207071565816112
-1.41453148700735
0.159642098625556
0.722713244295286
0.143850391557733
1.98650117944852
0.322189060785899
1.40442139373218
1.52686860429748
0.366004925911305
-0.0435537869197075
0.674878542048541
0.366549314868313
0.879062831262846
0.78318913370784
1.37904078923532
-1.08199807468646
0.294215033188385
0.0321252787421602
0.674229421903294
-0.570091369392336
0.0399862913297882
0.109380469920653
-1.32463546971773
0.67642777069526
-2.15862864030184
0.266127874166042
0.685736025025032
-0.381878587491404
-1.17348284001721
0.653435538159442
0.0316335835178843
-1.37353657840259
0.716036117430605
-1.70386617491625
0.814994233724115
-0.950506703300416
0.265949994158602
-1.20702333699127
-0.649762799766129
-0.858272561453731
0.666092171918622
-1.20310490133873
-0.688388163594893
-0.526421452926513
-0.448635540985556
1.52971511327758
1.17794521594792
